 havg dh:
    12.14951345250477         13.50823438017392     
 mu
  -0.1124346330027062     
 coefs:
   0.1380857773905147     
  -0.2675902313325070     
   0.2428027867490445     
  -0.2045520154193445     
   0.1570049207681875     
  -0.1052074716068898     
   5.4434181857591413E-002
  -9.5246690129123096E-003
  -2.5700312203649274E-002
   4.8864224129653910E-002
  -5.9247194237630002E-002
   5.7763628488332525E-002
  -4.6717889613819882E-002
   2.9382878873875182E-002
  -9.4706112003366816E-003
  -9.4230631481177218E-003
   2.4317239938242891E-002
  -3.3218192713139458E-002
   3.5317482502316547E-002
  -3.0997194527968706E-002
   2.1653994466324496E-002
  -9.3809402224590069E-003
  -3.4341239911199737E-003
   1.4525064420546787E-002
  -2.2111918592311895E-002
   2.5158551310068996E-002
  -2.3489040431705709E-002
   1.7753142110696986E-002
  -9.2562902403706994E-003
  -3.0911900042042016E-004
   9.1802281191944030E-003
  -1.5832018075456353E-002
   1.9225899792453163E-002
  -1.8959925903228893E-002
   1.5300620944062149E-002
  -9.0975413120397489E-003
   1.6015733361643284E-003
   5.7766446205761296E-003
  -1.1723336393490512E-002
   1.5248002259571517E-002
  -1.5841775187633210E-002
   1.3543418446626107E-002
  -8.9058117164935099E-003
   2.8734093343190416E-003
   3.4037847732643492E-003
  -8.7841971862345943E-003
   1.2337713800488552E-002
  -1.3502405310834090E-002
   1.2169194998961991E-002
  -8.6824482148727209E-003
   3.7597741266269975E-003
   1.6515230693962691E-003
  -6.5533650322300782E-003
   1.0078001224437470E-002
  -1.1638945191536939E-002
   1.1025938011948167E-002
  -8.4290143439171364E-003
   4.3898990241452041E-003
   3.0802112530463094E-004
  -4.7893284558808208E-003
   8.2476472083784398E-003
  -1.0088884495598596E-002
   1.0031513637077775E-002
  -8.1472768565834641E-003
   4.8368920461893464E-003
  -7.4717807629461151E-004
  -3.3536667672471173E-003
   6.7188882631031253E-003
  -8.7578131911787583E-003
   9.1382606233480629E-003
  -7.8391904424155966E-003
   5.1455203545621685E-003
  -1.5876954481530408E-003
  -2.1615142160271734E-003
   5.4131392428957859E-003
  -7.5876140766939493E-003
   8.3171382000566257E-003
  -7.5068808767976879E-003
   5.3450273676907672E-003
  -2.2611784782963218E-003
  -1.1580255784235834E-003
   4.2796664728070085E-003
  -6.5409354896190861E-003
   7.5498838003701906E-003
  -7.1526267631500298E-003
   5.4556105080576052E-003
  -2.7999736288211196E-003
  -3.0619987082112636E-004
   3.2844321680785167E-003
  -5.5929813814752675E-003
   6.8248196237937373E-003
  -6.7788400453202800E-003
   5.4919350292065381E-003
  -3.2269763782213400E-003
   4.1985740806399919E-004
   2.4038648014981425E-003
  -4.7268843687621846E-003
   6.1344648532849072E-003
  -6.3880454787443777E-003
   5.4651501043868414E-003
  -3.5590208259406895E-003
   1.0388709311645351E-003
   1.6211899388757739E-003
  -3.9309578193847065E-003
   5.4741029431750882E-003
  -5.9828592582870758E-003
   5.3840988554450580E-003
  -3.8089346754696428E-003
   1.5648009580640164E-003
   9.2417140758687690E-004
  -3.1969905828397841E-003
   4.8408826245594869E-003
  -5.5659670079308728E-003
   5.2560713077173700E-003
  -3.9868324300289066E-003
   2.0083690130445120E-003
   3.0366793913813562E-004
  -2.5191483718021964E-003
   4.2332313366056735E-003
  -5.1401013425942856E-003
   5.0872864838431278E-003
  -4.1009545786279411E-003
   2.3780562950383314E-003
  -2.4731871759001872E-004
  -1.8932427652247317E-003
   3.6504590186109964E-003
  -4.7080192152829103E-003
   4.8832078270227910E-003
  -4.1582259597955518E-003
   2.6807743049581550E-003
  -7.3428863126209418E-004
  -1.3162310346459033E-003
   3.0924820608778571E-003
  -4.2724792634873656E-003
   4.6487526881427571E-003
  -4.1646347158564804E-003
   2.9223250692496467E-003
  -1.1616905039607290E-003
  -7.8586554738674700E-004
   2.5596255635794221E-003
  -3.8362193672479145E-003
   4.3884325739375861E-003
  -4.1254933257767832E-003
   3.1077224132707408E-003
  -1.5332371056487803E-003
  -3.0044290723087467E-004
   2.0524781638775131E-003
  -3.4019346276306867E-003
   4.1064470493245905E-003
  -4.0456201655731175E-003
   3.2414191090714443E-003
  -1.8521312666834658E-003
   1.4137862586332005E-004
   1.5717831619413293E-003
  -2.9722559685637783E-003
   3.8067459937803356E-003
  -3.9294663142243960E-003
   3.3274687853212144E-003
  -2.1212295260109671E-003
   5.4071380598303873E-004
   1.1183554109194696E-003
  -2.5497295571314197E-003
   3.4930699037623307E-003
  -3.7812039017630422E-003
   3.3696416781050474E-003
  -2.3431613653852098E-003
   8.9855065773251854E-004
   6.9301699985552657E-004
  -2.1367972276246381E-003
   3.1689747904204077E-003
  -3.6047869974901378E-003
   3.3715071109288678E-003
  -2.5204161574188424E-003
   1.2158254532177381E-003
   2.9654702482443665E-004
  -1.7357780830130677E-003
   2.8378462015424535E-003
  -3.4039926242917500E-003
   3.3364915967482546E-003
  -2.6554062012027063E-003
   1.4934787158862783E-003
  -7.0357786194110211E-005
  -1.3488514341737634E-003
   2.5029055687083293E-003
  -3.1824472412025884E-003
   3.2679188229285056E-003
  -2.7505117421731127E-003
   1.7324966893018665E-003
  -4.0711385874790689E-004
  -9.7804122234518677E-004
   2.1672111892137038E-003
  -2.9436425317538595E-003
   3.1690360138520923E-003
  -2.8081122091307958E-003
   1.9339414537809388E-003
  -7.1327458169060038E-004
  -6.2520205403968098E-004
   1.8336555417208552E-003
  -2.6909433081529852E-003
   3.0430299601367870E-003
  -2.8306067655665956E-003
   2.0989720179043240E-003
  -9.8854831470668314E-004
  -2.9200696023124151E-004
   1.5049602078922618E-003
  -2.4275896273453306E-003
   2.8930351669357625E-003
  -2.8204264855355358E-003
   2.2288581204721594E-003
  -1.2328114654680683E-003
   2.0063026765198620E-005
   1.1836693679838539E-003
  -2.1566947103362618E-003
   2.7221359844886083E-003
  -2.7800399114900134E-003
   2.3249880649270551E-003
  -1.4461173006390740E-003
   3.0972740448535416E-004
   8.7214261681851793E-004
  -1.8812398933030668E-003
   2.5333641626403662E-003
  -2.7119533579350826E-003
   2.3888716160320690E-003
  -1.6287010114076168E-003
   5.7591278508332456E-004
   5.7254768168104849E-004
  -1.6040675735429851E-003
   2.3296929650319350E-003
  -2.6187070409492098E-003
   2.4221387800421003E-003
  -1.7809814549750867E-003
   8.1775749927066378E-004
   2.8685349814087382E-004
  -1.3278729154694415E-003
   2.1140287529468815E-003
  -2.5028679061944292E-003
   2.4265351393695928E-003
  -1.9035599250326815E-003
   1.0346142052390936E-003
   1.6824001940772352E-005
  -1.0551949315573434E-003
   1.8892007794923079E-003
  -2.3670198742973122E-003
   2.4039143034489683E-003
  -1.9972162574257947E-003
   1.2260505085049688E-003
  -2.3598708306512948E-004
  -7.8840743655486526E-004
   1.6579498054618306E-003
  -2.2137521067274527E-003
   2.3562279571088846E-003
  -2.0629025454934205E-003
   1.3918476184324121E-003
  -4.7024024484690666E-004
  -5.2971028087146234E-004
   1.4229160474475999E-003
  -2.0456458065781099E-003
   2.2855139278190498E-003
  -2.1017347183879464E-003
   1.5319970864937653E-003
  -6.8481280836769280E-004
  -2.8112119414752478E-004
   1.1866268885117504E-003
  -1.8652599992383830E-003
   2.1938826477005458E-003
  -2.1149822217536446E-003
   1.6466956899094630E-003
  -8.7880006894168732E-004
  -4.4468507914494570E-005
   9.5148471631455926E-004
  -1.6751166823437617E-003
   2.0835023508882795E-003
  -2.1040560310913101E-003
   1.7363385419801071E-003
  -1.0515148563159102E-003
   1.7861502634547666E-004
   7.1975519899428295E-004
  -1.4776856886675447E-003
   1.9565833186221153E-003
  -2.0704952222264485E-003
   1.8015105270074126E-003
  -1.2024854868533299E-003
   3.8669715289743812E-004
   4.9355626239820096E-004
  -1.2753695669412272E-003
   1.8153614610777972E-003
  -2.0159523192451239E-003
   1.8429761730250813E-003
  -1.3314520921708314E-003
   5.7854963034983248E-004
   2.7484799143042240E-004
  -1.0704887519284575E-003
   1.6620815048025148E-003
  -1.9421776371200314E-003
   1.8616680894827124E-003
  -1.4383613403097387E-003
   7.5315025798049706E-004
   6.5423641817820380E-005
  -8.6526726495817982E-004
   1.4989800365096131E-003
  -1.8510028333165274E-003
   1.8586741094097172E-003
  -1.5233595903931879E-003
   9.0968334683914269E-004
  -1.3309808453434435E-004
  -6.6181915849948341E-004
   1.3282686370591451E-003
  -1.7443238794289063E-003
   1.8352232863204842E-003
  -1.5867845440288636E-003
   1.0475386019863902E-003
  -3.1927937795775505E-004
  -4.6213589249237896E-004
   1.1521173230965196E-003
  -1.6240836599756472E-003
   1.7926709051122969E-003
  -1.6291554766245837E-003
   1.1663084090278930E-003
  -4.9186817900441016E-004
  -2.6807480552382872E-004
   9.7263849761813296E-004
  -1.4922544006154704E-003
   1.7324826733824301E-003
  -1.6511621494096677E-003
   1.2657835426405253E-003
  -6.4980148846992280E-004
  -8.1348820215952037E-005
   7.9187159439739749E-004
  -1.3508201220555410E-003
   1.6562182648978158E-003
  -1.6536525183659641E-003
   1.3459473372267135E-003
  -7.9220708705139264E-004
   9.6482500838721789E-005
   6.1176858456407288E-004
  -1.2017593087025749E-003
   1.5655143903607941E-003
  -1.6376193695100689E-003
   1.4069683802659374E-003
  -9.1840364592346698E-004
   2.6402045471687289E-004
   4.3418049659443885E-004
  -1.0470279726064744E-003
   1.4620675721191381E-003
  -1.6041860210597894E-003
   1.4491918074072394E-003
  -1.0278992318240613E-003
   4.2003318142551859E-004
   2.6084508351558150E-004
  -8.8854328346141005E-004
   1.3476167990813771E-003
  -1.5545912419837023E-003
   1.4731292948807996E-003
  -1.1203882311733302E-003
   5.6346008021247946E-004
   9.3375753280688808E-005
  -7.2816792439657409E-004
   1.2239262358535352E-003
  -1.4901735432945895E-003
   1.4794478593997908E-003
  -1.1957467372793107E-003
   6.9341462914110905E-004
  -6.6748139900105300E-005
  -5.6769532107648485E-004
   1.0927681560657133E-003
  -1.4123550032327701E-003
   1.4689575883668469E-003
  -1.2540264627639037E-003
   8.0918559825846103E-004
  -2.1818956389076826E-004
  -4.0883587833361062E-004
   9.5590626408013500E-004
  -1.3226247902300304E-003
   1.4425984338811461E-003
  -1.2954472559143664E-003
   9.1023666602929230E-004
  -3.5976057575227386E-004
  -2.5320434429192443E-004
   8.1507956185927072E-004
  -1.2225225482975757E-003
   1.4014262127551346E-003
  -1.3203883146644529E-003
   9.9620446717160272E-004
  -4.9042754527540446E-004
  -1.0230840684375553E-004
   6.7198690883214286E-004
  -1.1136218083026778E-003
   1.3465979614939567E-003
  -1.3293782052732285E-003
   1.0668951174973070E-003
  -6.0931481085885230E-004
   4.2461388435808948E-005
   5.2827241225403862E-004
  -9.9751358556419067E-004
   1.2793567999760294E-003
  -1.3230838044400671E-003
   1.1222792777186297E-003
  -7.1570676166186550E-004
   1.7984032615219221E-004
   3.8551177394820929E-004
  -8.7579031939655737E-004
   1.2010164604238848E-003
  -1.3022982935245149E-003
   1.1624858333159147E-003
  -8.0904835747794019E-004
   3.0869675859989591E-004
   2.4519970659735884E-004
  -7.5003030376832262E-004
   1.1129456392054086E-003
  -1.2679283416893459E-003
   1.1877942813684950E-003
  -8.8894411466022903E-004
   4.2803785361596918E-004
   1.0873851907966384E-004
  -6.2178275023300742E-004
   1.0165523281116563E-003
  -1.2209806211343740E-003
   1.1986259276348908E-003
  -9.5515560253515747E-004
   5.3701383031446543E-004
  -2.2572044114358955E-005
  -4.9255361486649817E-004
   9.1326827908285715E-004
  -1.1625478021251019E-003
   1.1955340080461261E-003
  -1.0075975099228776E-003
   6.3492067690438646E-004
  -1.4754363941610395E-004
  -3.6379231024787138E-004
   8.0453375198281875E-004
  -1.0937941782538309E-003
   1.1791928580788787E-003
  -1.0463323555108572E-003
   7.2120136111839439E-004
  -2.6510678219662928E-004
  -2.3687941170156754E-004
   6.9178268904999517E-004
  -1.0159410733235953E-003
   1.1503862611489538E-003
  -1.0715639287781570E-003
   7.9544555959699080E-004
  -3.7431688755316294E-004
  -1.1311545423745058E-004
   5.7642845219088731E-004
  -9.3025218045838403E-004
   1.1099951131731350E-003
  -1.0836295598349861E-003
   8.5738794772406582E-004
  -4.7435887097511877E-004
   6.2890969507130372E-006
   4.5985025045239709E-004
  -8.3801898157267595E-004
   1.0589845447683218E-003
  -1.0829913268313573E-003
   9.0690510574590699E-004
  -5.6455030172201156E-004
   1.2022263376747517E-004
   3.4338037494810523E-004
  -7.4054639125241926E-004
   9.9839064518844308E-004
  -1.0702263184227579E-003
   9.4401111038908559E-004
  -6.4434311719099478E-004
   2.2767989626583949E-004
   2.2829234736433551E-004
  -6.3913876349586140E-004
   9.2930693305650161E-004
  -1.0460160760985787E-003
   9.6885189349796492E-004
  -7.1332392155480867E-004
   3.2776812837353439E-004
   1.1579007608834784E-004
  -5.3508639273810033E-004
   8.5287071826360130E-004
  -1.0111353469373871E-003
   9.8169846032911796E-004
  -7.7121290635435492E-004
   4.1971187422238417E-004
   6.9981011426403494E-006
  -4.2965263225309410E-004
   7.7024949712792496E-004
  -9.6644028152591830E-004
   9.8293906997194832E-004
  -8.1786144438606594E-004
   5.0285640595245967E-004
  -9.7047004359072410E-005
  -3.2406174351745106E-004
   6.8262751909964206E-004
  -9.1285621435817192E-004
   9.7307048883281616E-004
  -8.5324842099675463E-004
   5.7666978856570745E-004
  -1.9540402242963941E-004
  -2.1948757956868073E-004
   5.9119265804337298E-004
  -8.5136516502699476E-004
   9.5268843516142375E-004
  -8.7747537866445782E-004
   6.4074360170452847E-004
  -2.8723322848055280E-004
  -1.1704319394133441E-004
   4.9712371452278114E-004
  -7.8299319796000966E-004
   9.2247733816759765E-004
  -8.9076056139354839E-004
   6.9479235197618784E-004
  -3.7180125432003270E-004
  -1.7771454570087446E-005
   4.0157826766009963E-004
  -7.0879777637905691E-004
   8.8319953934655276E-004
  -8.9343195489241392E-004
   7.3865162249173600E-004
  -4.4848466478144276E-004
   7.7363270735083913E-005
   3.0568118616574691E-004
  -6.2985524263653491E-004
   8.3568406618989672E-004
  -8.8591942665259106E-004
   7.7227501850600164E-004
  -5.1677225089910377E-004
   1.6748230384829661E-004
   2.1051389816078593E-004
  -5.4724855218159349E-004
   7.8081510951972079E-004
  -8.6874607685318624E-004
   7.9572997931491606E-004
  -5.7626605618909621E-004
   2.5179868101185408E-004
   1.1710450857953304E-004
  -4.6205538221369256E-004
   7.1952033525610280E-004
  -8.4251891641397487E-004
   8.0919253678118604E-004
  -6.2668116571109179E-004
   3.2962198632196908E-004
   2.6418841396958464E-005
  -3.7533672870970541E-004
   6.5275915957686555E-004
  -8.0791899251325813E-004
   8.1294110993001916E-004
  -6.6784430005122205E-004
   4.0036198123652770E-004
  -6.0647528191086521E-005
  -2.8812609705427194E-004
   5.8151111318127040E-004
  -7.6569108442946492E-004
   8.0734943290598402E-004
  -6.9969126804556578E-004
   4.6353103066247624E-004
  -1.4327619903119017E-004
  -2.0141938210319364E-004
   5.0676441582036863E-004
  -7.1663309369151759E-004
   7.9287872015157239E-004
  -7.2226334284707636E-004
   5.1874533917021940E-004
  -2.2073178690369590E-004
  -1.1616552328575144E-004
   4.2950487647676458E-004
  -6.6158525223888702E-004
   7.7006917791366532E-004
  -7.3570263572391012E-004
   5.6572502338252248E-004
  -2.9236665812206006E-004
  -3.3258009444904398E-005
   3.5070522766674026E-004
  -6.0141927064203218E-004
   7.3953097507905847E-004
  -7.4024655067766554E-004
   6.0429305846638462E-004
  -3.5762453977467322E-004
   4.6472703334602911E-005
   2.7131499440437187E-004
  -5.3702754546907294E-004
   7.0193478887360509E-004
  -7.3622141051323258E-004
   6.3437314779718208E-004
  -4.1604300521034263E-004
   1.2226580950694120E-004
   1.9225098952653201E-004
  -4.6931254067231681E-004
   6.5800204213674958E-004
  -7.2403535132118779E-004
   6.5598657515696015E-004
  -4.6725484570809623E-004
   1.9343576815013122E-004
   1.1438851745411191E-004
  -3.9917645248850706E-004
   6.0849494872538970E-004
  -7.0417058740724768E-004
   6.6924810817673233E-004
  -5.1098835115102577E-004
   2.5937688625672054E-004
   3.8553358188146740E-005
  -3.2751126089074591E-004
   5.5420648214403435E-004
  -6.7717515249532162E-004
   6.7436103005303000E-004
  -5.4706653381839706E-004
   3.1956685630208585E-004
  -3.4485407455169166E-005
  -2.5518926320004050E-004
   4.9595037979253942E-004
  -6.4365422553115930E-004
   6.7161138379359241E-004
  -5.7540534000595500E-004
   3.7356924515888628E-004
  -1.0402168154239455E-004
  -1.8305417717071618E-004
   4.3455129133203069E-004
  -6.0426115062736326E-004
   6.6136151932118204E-004
  -5.9601090397795511E-004
   4.2103494311542986E-004
  -1.6941770324378557E-004
  -1.1191289182470844E-004
   3.7083517466979764E-004
  -5.5968826063785930E-004
   6.4404303864918321E-004
  -6.0897590765460630E-004
   4.6170259301161359E-004
  -2.3010844669066636E-004
  -4.2527934648668446E-005
   3.0562003704214170E-004
  -5.1065761256516176E-004
   6.2014923801337264E-004
  -6.1447511736712347E-004
   4.9539803021098863E-004
  -2.8560504707542144E-004
   2.4389286387217431E-005
   2.3970711172706055E-004
  -4.5791174053473751E-004
   5.9022714829129778E-004
  -6.1276017590389514E-004
   5.2203277417231942E-004
  -3.3549725093100593E-004
   8.8184418048395591E-005
   1.7387255315154279E-004
  -4.0220452847847016E-004
   5.5486927626956749E-004
  -6.0415373387477699E-004
   5.4160162167180416E-004
  -3.7945489756926413E-004
   1.4826523710355344E-004
   1.0885972468321136E-004
  -3.4429230002560625E-004
   5.1470514934894604E-004
  -5.8904300909868766E-004
   5.5417940017079279E-004
  -4.1722844929196627E-004
   2.0410583930376985E-004
   4.5372144330257718E-005
  -2.8492521748727938E-004
   4.7039276514060341E-004
  -5.6787286624982662E-004
   5.5991694734936490E-004
  -4.4864859810309055E-004
   2.5524992656159138E-004
  -1.5932855960403962E-005
  -2.2483907533292361E-004
   4.2261004514988608E-004
  -5.4113851137132564E-004
   5.5903638937260843E-004
  -4.7362498614403684E-004
   3.0131318749325627E-004
  -7.4449711597621599E-005
  -1.6474756629110637E-004
   3.7204638842437893E-004
  -5.0937789708706076E-004
   5.5182579597479924E-004
  -4.9214408585139340E-004
   3.4198477689014286E-004
  -1.2962941152424586E-004
  -1.0533509027298944E-004
   3.1939441672956066E-004
  -4.7316393443129414E-004
   5.3863329490296528E-004
  -5.0426629381899980E-004
   3.7702790970505146E-004
  -1.8098346376875404E-004
  -4.7250167822612798E-005
   2.6534199758681789E-004
  -4.3309660620351729E-004
   5.1986073163390507E-004
  -5.1012229946210041E-004
   4.0627959466853919E-004
  -2.2808702503366291E-004
   8.9004891390332082E-006
   2.1056462545216665E-004
  -3.8979507468576616E-004
   4.9595696255971106E-004
  -5.0990879577348714E-004
   4.2964954159391007E-004
  -2.7058118901586924E-004
   6.2557205772890105E-005
   1.5571823452478607E-004
  -3.4388987348721691E-004
   4.6741087103196284E-004
  -5.0388360468489840E-004
   4.4711828469922577E-004
  -3.0817443793072546E-004
   1.1321183795294713E-004
   1.0143250925303810E-004
  -2.9601526927107598E-004
   4.3474419578159063E-004
  -4.9236029376873119E-004
   4.5873457179426393E-004
  -3.4064327112648998E-004
   1.6041150660308241E-004
   4.8304750657679628E-005
  -2.4680187424672482E-004
   3.9850426032063337E-004
  -4.7570236421602913E-004
   4.6461207588385908E-004
  -3.6783203362929727E-004
   2.0376155781433300E-004
  -3.1056517735852617E-006
  -1.9686958465853422E-004
   3.5925669002534011E-004
  -4.5431709219974250E-004
   4.6492549157262683E-004
  -3.8965197585995326E-004
   2.4292774322431720E-004
  -5.2282101538664336E-005
  -1.4682091416156229E-004
   3.1757820074970549E-004
  -4.2864910688291731E-004
   4.5990608357728674E-004
  -4.0607958353058708E-004
   2.7763762430678646E-004
  -9.8754997707396866E-005
  -9.7234784039042509E-005
   2.7404953908697157E-004
  -3.9917378847748963E-004
   4.4983675863183477E-004
  -4.1715422378954374E-004
   3.0768121304436088E-004
  -1.4210523538184873E-004
  -4.8660824786963240E-005
   2.2924864985463778E-004
  -3.6639056892972930E-004
   4.3504673508947992E-004
  -4.2297515997539016E-004
   3.3291086984784350E-004
  -1.8196698970149972E-004
  -1.6142357699815352E-006
   1.8374414110477474E-004
  -3.3081621604301708E-004
   4.1590588657780498E-004
  -4.2369799281500280E-004
   3.5324048745552831E-004
  -2.1802977786729711E-004
   4.3428758455003296E-005
   1.3808911104106652E-004
  -2.9297817919773705E-004
   3.9281883715589644E-004
  -4.1953059051723005E-004
   3.6864399681878630E-004
  -2.5003980223390840E-004
   8.6034824841346778E-005
   9.2815394746994950E-005
  -2.5340807135026554E-004
   3.6621888557104637E-004
  -4.1072857394478717E-004
   3.7915323758856397E-004
  -2.7780058577265475E-004
   1.2581678964291304E-004
   4.8428281690659342E-005
  -2.1263535775629039E-004
   3.3656183544672648E-004
  -3.9759042587679018E-004
   3.8485524170410115E-004
  -3.0117291905116703E-004
   1.6243624369855706E-004
   5.4017476674769868E-006
  -1.7118131694164793E-004
   3.0431980658992988E-004
  -3.8045229529674651E-004
   3.8588898370202004E-004
  -3.2007414522800405E-004
   1.9560547983809727E-004
  -3.5825762728681107E-005
  -1.2955333391777139E-004
   2.6997510013437458E-004
  -3.5968256866482920E-004
   3.8244165567813968E-004
  -3.3447681635425134E-004
   2.2508876504618880E-004
  -7.4854974754267752E-005
  -8.8239579593012656E-005
   2.3401418698891909E-004
  -3.3567628027037400E-004
   3.7474452831410854E-004
  -3.4440676043776913E-004
   2.5070295771820905E-004
  -1.1132882274182546E-004
  -4.7704123855265239E-005
   1.9692188510641201E-004
  -3.0884943304458276E-004
   3.6306846201948769E-004
  -3.4994060421708481E-004
   2.7231748766038430E-004
  -1.4493487714356600E-004
  -8.3825229864366285E-006
   1.5917578649304436E-004
  -2.7963329967475414E-004
   3.4771913402670024E-004
  -3.5120280135784391E-004
   2.8985372333815843E-004
  -1.7540715429944286E-004
   2.9322084991923643E-005
   1.2124098972089340E-004
  -2.4846877154917991E-004
   3.2903204822140825E-004
  -3.4836221979743130E-004
   3.0328375720234228E-004
  -2.0252731129680122E-004
   6.5042350657416872E-005
   8.3565188065696470E-005
  -2.1580082002751485E-004
   3.0736739460964846E-004
  -3.4162834519756597E-004
   3.1262864566060247E-004
  -2.2612523546063085E-004
   9.8449530102189729E-005
   4.6574157352482123E-005
  -1.8207313083637644E-004
   2.8310482464166361E-004
  -3.3124715990783823E-004
   3.1795614536384422E-004
  -2.4607904482057045E-004
   1.2925573656629656E-004
   1.0667681238799224E-005
  -1.4772296809984078E-004
   2.5663820716569530E-004
  -3.1749675849227399E-004
   3.1937799190250948E-004
  -2.6231452227322877E-004
   1.5721562206546730E-004
  -2.3784054913599345E-005
  -1.1317631970156144E-004
   2.2837042761620233E-004
  -3.0068276173288096E-004
   3.1704677072638644E-004
  -2.7480401203395794E-004
   1.8212749122869493E-004
  -5.6443577145882092E-005
  -7.8843370414956646E-005
   1.9870829020061747E-004
  -2.8113359111503488E-004
   3.1115243309217918E-004
  -2.8356481229689905E-004
   2.0383385622666666E-004
  -8.7008725326931293E-005
  -4.5114343608876753E-005
   1.6805757939385897E-004
  -2.5919566514443209E-004
   3.0191851209428818E-004
  -2.8865710275012850E-004
   2.2222144799313693E-004
  -1.1521473397567813E-004
  -1.2355746419311113E-005
   1.3681833304330182E-004
  -2.3522857747779359E-004
   2.8959809534425746E-004
  -2.9018144968738355E-004
   2.3722070485297076E-004
  -1.4083578719111949E-004
   1.9092952845615794E-005
   1.0538037489613003E-004
  -2.0960031481036137E-004
   2.7446961164008673E-004
  -2.8827593489116524E-004
   2.4880476511530026E-004
  -1.6368604984266631E-004
   4.8922192548453978E-005
   7.4119149457198001E-005
  -1.8268256980060626E-004
   2.5683248902416006E-004
  -2.8311295721519157E-004
   2.5698799511790005E-004
  -1.8362018335663297E-004
   7.6854714587055279E-005
   4.3391896842713827E-005
  -1.5484620108031173E-004
   2.3700274099208409E-004
  -2.7489575785735878E-004
   2.6182408857774965E-004
  -2.0053336029238932E-004
   1.0264748031479080E-004
   1.3534199788579214E-005
  -1.2645688865562689E-004
   2.1530853631625247E-004
  -2.6385472168653486E-004
   2.6340377687886760E-004
  -2.1436079737367607E-004
   1.2609310170113861E-004
  -1.5143070721190674E-005
  -9.7871028815158808E-005
   1.9208580602641029E-004
  -2.5024350767507400E-004
   2.6185219308672459E-004
  -2.2507683167390363E-004
   1.4702078988878373E-004
  -4.2356390545109909E-005
  -6.9431908091901052E-005
   1.6767393859053631E-004
  -2.3433506150990455E-004
   2.5732593500246248E-004
  -2.3269356920280234E-004
   1.6529682902846827E-004
  -6.7851783373983586E-005
  -4.1466190945342626E-005
   1.4241161131347673E-004
  -2.1641756283101568E-004
   2.5000987445014211E-004
  -2.3725913916700065E-004
   1.8082458868988788E-004
  -9.1406578603751092E-005
  -1.4280750710526790E-005
   1.1663280247457433E-004
  -1.9679035830915163E-004
   2.4011376122842971E-004
  -2.3885559064856538E-004
   1.9354409320134297E-004
  -1.1283072277342048E-004
   1.1840131928148717E-005
   9.0663024817776668E-005
  -1.7575992995988676E-004
   2.2786867075962432E-004
  -2.3759647134021167E-004
   2.0343117091276870E-004
  -1.3196764677513896E-004
   3.6637184066521351E-005
   6.4815816751831717E-005
  -1.5363594574347724E-004
   2.1352334445144943E-004
  -2.3362413027917122E-004
   2.1049621056455468E-004
  -1.4869469633450454E-004
   5.9878155855852026E-005
   3.9389523078797086E-005
  -1.3072743666631907E-004
   1.9734047117194397E-004
  -2.2710678822655548E-004
   2.1478255564298380E-004
  -1.6292313825943459E-004
   8.1359427840145627E-005
   1.4664392312350185E-005
  -1.0733914133316395E-004
   1.7959295705468497E-004
  -2.1823542044616402E-004
   2.1636457078414337E-004
  -1.7459775961401646E-004
   1.0090720754163240E-004
  -9.0999872600853649E-006
  -8.3768055255628376E-005
   1.6056022913582383E-004
  -2.0722049715429360E-004
   2.1534541693186472E-004
  -1.8369608124523042E-004
   1.1837831758442798E-004
  -3.1666895609518173E-005
  -6.0300218260606869E-005
   1.4052461611659914E-004
  -1.9428862685535184E-004
   2.1185457404824631E-004
  -1.9022721093624591E-004
   1.3366058252739410E-004
  -5.2824320942037758E-005
  -3.7207769122681232E-005
   1.1976784689050703E-004
  -1.7967914716879524E-004
   2.0604515171229997E-004
  -1.9423036484844647E-004
   1.4667282618332860E-004
  -7.2386424439085774E-005
  -1.4746292129404913E-005
   9.8567704422631994E-005
  -1.6364070661914137E-004
   1.9809102892456474E-004
  -1.9577308882047484E-004
   1.5736449548584450E-004
  -9.0194627446836496E-005
   6.8475242609432555E-006
   7.7194869172175659E-005
  -1.4642787923596222E-004
   1.8818386487172979E-004
  -1.9494921349797687E-004
   1.6571493088652224E-004
  -1.0611832350677099E-004
   2.7357901130951914E-005
   5.5909982563122868E-005
  -1.2829785173345930E-004
   1.7653002231021248E-004
  -1.9187657916157710E-004
   1.7173230678786016E-004
  -1.2005522211436533E-004
   4.6591644280732208E-005
   3.4960957088834466E-005
  -1.0950722055211206E-004
   1.6334744462249043E-004
  -1.8669456749823785E-004
   1.7545226861358281E-004
  -1.3193133532764646E-004
   6.4379474553250972E-005
   1.4580555541688067E-005
  -9.0308933194403334E-005
   1.4886252651132254E-004
  -1.7956147842497101E-004
   1.7693629576410634E-004
  -1.4170062227923761E-004
   8.0577011478632523E-005
  -5.0157423536762947E-006
  -7.0949405121988990E-005
   1.3330701675688924E-004
  -1.7065179043258564E-004
   1.7626982188603211E-004
  -1.4934431023722402E-004
   9.5065412741197176E-005
  -2.3631571898663359E-005
  -5.1665840053599071E-005
   1.1691498950535153E-004
  -1.6015334278525993E-004
   1.7356014558935287E-004
  -1.5486991407728267E-004
   1.0775167610114311E-004
  -4.1091204239099310E-005
  -3.2683777873127069E-005
   9.9919918237067698E-005
  -1.4826447731016161E-004
   1.6893416597786072E-004
  -1.5830997885832499E-004
   1.1856861430380962E-004
  -5.7240750564111894E-005
  -1.4214890534051564E-005
   8.2551883863391280E-005
  -1.3519117646381725E-004
   1.6253597809980401E-004
  -1.5972057257453791E-004
   1.2747451707520257E-004
  -7.1949048286742048E-005
   3.5449574859668371E-006
   6.5034945532000828E-005
  -1.2114423290274397E-004
   1.5452436372726192E-004
  -1.5917955815727074E-004
   1.3445251763346161E-004
  -8.5108231857332432E-005
   2.0417371658145690E-005
   4.7584699435444557E-005
  -1.0633648394312771E-004
   1.4507021269196101E-004
  -1.5678467530249712E-004
   1.3950968403717809E-004
  -9.6633994594244889E-005
   3.6242804155072484E-005
   3.0406047627205680E-005
  -9.0980142112260517E-005
   1.3435390941478835E-004
  -1.5265146380108653E-004
   1.4267585827721252E-004
  -1.0646555150524111E-004
   5.0881640165524502E-005
   1.3691195296316240E-005
  -7.5284250509368274E-005
   1.2256271825667901E-004
  -1.4691106069236287E-004
   1.4400226818518972E-004
  -1.1456531635468682E-004
   6.4214992839714053E-005
  -2.3821086364782263E-006
  -5.9452288950571897E-005
   1.0988819993291643E-004
  -1.3970790377993759E-004
   1.4355993900541853E-004
  -1.2091830922500976E-004
   7.6145209588727298E-005
  -1.7652076379745075E-005
  -4.3679953915891705E-005
   9.6523689499433593E-005
  -1.3119737385058674E-004
   1.4143793284146657E-004
  -1.2553131348807685E-004
   8.6596095933501088E-005
  -3.1974124001142459E-005
  -2.8153132191607412E-005
   8.2661864375044048E-005
  -1.2154340734201981E-004
   1.3774144514442979E-004
  -1.2843180342377752E-004
   9.5512866351253042E-005
  -4.5221848017153887E-005
  -1.3046084854694275E-005
   6.8492428545318908E-005
  -1.1091611023651773E-004
   1.3258978796077138E-004
  -1.2966666568341645E-004
   1.0286183456818401E-004
  -5.7287735317537818E-005
   1.4801450764101825E-006
   5.4199936542518424E-005
  -9.9489402642031338E-005
   1.2611428981273168E-004
  -1.2930073938405176E-004
   1.0862985846862733E-004
  -6.8083609246151093E-005
   1.5279091353770916E-005
   3.9961778053085724E-005
  -8.7438721890706160E-005
   1.1845614185760778E-004
  -1.2741520083145297E-004
   1.1282355720928101E-004
  -7.7540817833352140E-005
   2.8219982944166262E-005
   2.5946341112198043E-005
  -7.4938810070445910E-005
   1.0976421938168610E-004
  -1.2410581970352585E-004
   1.1546832022420585E-004
  -8.5610173141890435E-005
   4.0188618860675144E-005
   1.2311368846419173E-005
  -6.2161609743576027E-005
   1.0019290675256182E-004
  -1.1948111398754743E-004
   1.1660712956812420E-004
  -9.2261653418721694E-005
   5.1087999228089527E-005
  -7.9747833694892250E-007
  -4.9274289235472923E-005
   8.9899952705560493E-005
  -1.1366043106253539E-004
   1.1629921846346584E-004
  -9.7483882214416715E-005
   6.0838715488812948E-005
  -1.3247846300165755E-005
  -3.6437416333761158E-005
   7.9044381304589937E-005
  -1.0677198206586190E-004
   1.1461858998636215E-004
  -1.0128340081882853E-004
   6.9379105551291639E-005
  -2.4921690718505474E-005
  -2.3803296564816398E-005
   6.7784482126508625E-005
  -9.8950856098667562E-005
   1.1165242054900768E-004
  -1.0368375225015354E-004
   7.6665182383528973E-005
  -3.5716057881404478E-005
  -1.1514489448141808E-005
   5.6275901203930586E-005
  -9.0337039928252313E-005
   1.0749937321540554E-004
  -1.0472439661253586E-004
   8.2670347033198300E-005
  -4.5543642934664960E-005
   2.9748669001063207E-007
   4.4669852059436098E-005
  -8.1073467662068509E-005
   1.0226784593369607E-004
  -1.0445947889727416E-004
   8.7384899290670714E-005
  -5.4333128539789926E-005
   1.1513253596492374E-005
   3.3111463810291553E-005
  -7.1304123424044673E-005
   9.6074179494398703E-005
  -1.0295647124224107E-004
   9.0815361183939613E-005
  -6.2029309563575266E-005
   2.2026470729449431E-005
   2.1738280853042968E-005
  -6.1172218388716849E-005
   8.9040849446081970E-005
  -1.0029471228309507E-004
   9.2983630189258511E-005
  -6.8593011863453361E-005
   3.1744529474649806E-005
   1.0678926088812058E-005
  -5.0818461653597525E-005
   8.1294665339153100E-005
  -9.6563866535444857E-005
   9.3925980449829837E-005
  -7.4000815479970101E-005
   4.0589044424654080E-005
   5.1937058105451892E-008
  -4.0379442387232980E-005
   7.2964999546585950E-005
  -9.1862326746805227E-005
   9.3691931409380471E-005
  -7.8244594565338293E-005
   4.8496144749903908E-005
  -1.0035218246009814E-005
  -2.9986138513020461E-005
   6.4182066553265398E-005
  -8.6295581864782281E-005
   9.2343004086885974E-005
  -8.1330888150746601E-005
   5.5416571086880394E-005
  -1.9486941691756738E-005
  -1.9762564910748061E-005
   5.5075272040551121E-005
  -7.9974572699022635E-005
   8.9951385744445507E-005
  -8.3280117372151605E-005
   6.1315585591859961E-005
  -2.8220119771574681E-005
  -9.8245717722456247E-006
   4.5771649348196950E-005
  -7.3014056528110374E-005
   8.6598523938170261E-005
  -8.4125666025927035E-005
   6.6172704837893091E-005
  -3.6164553564935876E-005
  -2.7880136796380604E-007
   3.6394399002431224E-005
  -6.5531000840348089E-005
   8.2373670900891895E-005
  -8.3912842307082134E-005
   6.9981267049622954E-005
  -4.3263206965381759E-005
   8.7781909004289617E-006
   2.7061544987201496E-005
  -5.7643025122921095E-005
   7.7372398897974091E-005
  -8.2697740292669652E-005
   7.2747846761017572E-005
  -4.9472278409292700E-005
   1.7260647639283959E-005
   1.7884719336411065E-005
  -4.9466908152743758E-005
   7.1695106638816332E-005
  -8.0546020173678047E-005
   7.4491531333956056E-005
  -5.4761103354615339E-005
   2.5094151566731809E-005
   8.9680844695050002E-006
  -4.1117176621328910E-005
   6.5445536034689368E-005
  -7.7531626416221425E-005
   7.5243074883746676E-005
  -5.9111896587043714E-005
   3.2215999563426498E-005
   4.0740051095535317E-007
  -3.2704789172979072E-005
   5.8729317588678046E-005
  -7.3735462955925641E-005
   7.5043946017032837E-005
  -6.2519345062937305E-005
   3.8575411752196021E-005
  -7.7107573441858037E-006
  -2.4335928079002958E-005
   5.1652561507808877E-005
  -6.9244044210169722E-005
   7.3945286397812541E-005
  -6.4990063420032070E-005
   4.4133580655347093E-005
  -1.5309628503575026E-005
  -1.6110908839052495E-005
   4.4320510264757635E-005
  -6.4148140145882173E-005
   7.2006797521325497E-005
  -6.6541925489327467E-005
   4.8863567292801028E-005
  -2.2322742863815906E-005
  -8.1232160222179766E-006
   3.6836266831746109E-005
  -5.8541432882763266E-005
   6.9295573199214025E-005
  -6.7203286118237501E-005
   5.2750052729052537E-005
  -2.8694244090257860E-005
  -4.5867166336761427E-007
   2.9299611188138096E-005
  -5.2519201362344811E-005
   6.5884895151596912E-005
  -6.7012108363507025E-005
   5.5788955038495473E-005
  -3.4379063372589244E-005
   6.8052594593875518E-006
   2.1805915991820678E-005
  -4.6177049492555035E-005
   6.1853008773651245E-005
  -6.6015011632072933E-005
   5.7986922925547290E-005
  -3.9342948514572919E-005
   1.3600025295782955E-005
   1.4445170529868982E-005
  -3.9609691908696333E-005
   5.7281895611531067E-005
  -6.4266256644625742E-005
   5.9360718300577121E-005
  -4.3562354849809124E-005
   1.9866402271972673E-005
   7.3011202495605159E-006
  -3.2909810094878053E-005
   5.2256058356312115E-005
  -6.1826683169814326E-005
   5.9936500969525673E-005
  -4.7024205950564859E-005
   2.5554772663101459E-005
   4.5052734690150808E-007
  -2.6166990114815270E-005
   4.6861333271626141E-005
  -5.8762616346760472E-005
   5.9749029242777714E-005
  -4.9725533401879139E-005
   3.0625266655995406E-005
  -6.0374439255511567E-006
  -1.9466751623747575E-005
   4.1183743919239349E-005
  -5.5144757077137471E-005
   5.8840790707534522E-005
  -5.1673006038484543E-005
   3.5047773768152848E-005
  -1.2101715347783301E-005
  -1.2889676205133191E-005
   3.5308408866929579E-005
  -5.1047071450346278E-005
   5.7261077641669359E-005
  -5.2882359980790734E-005
   3.8801829756229177E-005
  -1.7689656056756317E-005
  -6.5106414162569088E-006
   2.9318514770477776E-005
  -4.6545693474685685E-005
   5.5065021581581867E-005
  -5.3377741554361063E-005
   4.1876386466805867E-005
  -2.2757318589642541E-005
  -3.9816526068644443E-007
   2.3294364840459114E-005
  -4.1717854543102716E-005
   5.2312601400560980E-005
  -5.3190975733786747E-005
   4.4269473244319552E-005
  -2.7269552679517029E-005
   5.3861358454821772E-006
   1.7312511256463678E-005
  -3.6640852081585372E-005
   4.9067638918115114E-005
  -5.2360773117698678E-005
   4.5987759506891344E-005
  -3.1200001276043574E-005
   1.0787974161445691E-005
   1.1444978598446802E-005
  -3.1391068730548723E-005
   4.5396795557190617E-005
  -5.0931888620820107E-005
   4.7046028925223175E-005
  -3.4530984577666382E-005
   1.5760702870373061E-005
   5.7585838488959026E-006
  -2.6043052214520178E-005
   4.1368582909457398E-005
  -4.8954245067490036E-005
   4.7466576289435093E-005
  -3.7253279039078455E-005
   2.0265515080856592E-005
   3.1435700123200205E-007
  -2.0668664783097520E-005
   3.7052399274316785E-005
  -4.6482034697126872E-005
   4.7278538623059352E-005
  -3.9365799348906761E-005
   2.4271532568009981E-005
  -4.8329351902559580E-006
  -1.5336309776918062E-005
   3.2517603321985497E-005
  -4.3572811255922664E-005
   4.6517172404223346E-005
  -4.0875192250900831E-005
   2.7755788531738126E-005
  -9.6351612469280736E-006
  -1.0110241506377562E-005
   2.7832635012304411E-005
  -4.0286584862403212E-005
   4.5223088885190709E-005
  -4.1795351802535788E-005
   3.0703109823622927E-005
  -1.4051093125298842E-005
  -5.0499632477516555E-006
   2.3064192797142869E-005
  -3.6684931210734774E-005
   4.3441459468955470E-005
  -4.2146866225751575E-005
   3.3105905140900764E-005
  -1.8046572173900219E-005
  -2.0971678042400738E-007
   1.8276474963963415E-005
  -3.2830125929440448E-005
   4.1221202913583482E-005
  -4.1956406905458631E-005
   3.4963866598297141E-005
  -2.1594575814456673E-005
   4.3619344718495807E-006
   1.3530491759716374E-005
  -2.8784314059840099E-005
   3.8614165800837517E-005
  -4.1256070334297603E-005
   3.6283592859785270E-005
  -2.4675189029020664E-005
   8.6224279560459126E-006
   8.8834536863116697E-006
  -2.4608723674605645E-005
   3.5674307236918189E-005
  -4.0082683891403117E-005
   3.7078142639391848E-005
  -2.7275485780688301E-005
   1.2535430691884315E-005
   4.3882400993304280E-006
  -2.0362931638890551E-005
   3.2456898161999177E-005
  -3.8477086284237430E-005
   3.7366527861069628E-005
  -2.9389326424068744E-005
   1.6070975893950364E-005
   9.2950987411459425E-008
  -1.6104188441314460E-005
   2.9017744945414230E-005
  -3.6483393283680629E-005
   3.7173156102772938E-005
  -3.1017077965490731E-005
   1.9205510368906455E-005
  -3.9594564217242819E-006
  -1.1886807907642656E-005
   2.5412446149278295E-005
  -3.4148259052896958E-005
   3.6527232141888826E-005
  -3.2165264708060316E-005
   2.1921856573608259E-005
  -7.7314457777972043E-006
  -7.7616264710639937E-006
   2.1695690469772705E-005
  -3.1520142920202436E-005
   3.5462128471891498E-005
  -3.2846157358857949E-005
   2.4209094148940066E-005
  -1.1191095138640975E-005
  -3.7755355282897427E-006
   1.7920602928017430E-005
  -2.8648590887267004E-005
   3.4014734579523094E-005
  -3.3077309085102173E-005
   2.6062366565038213E-005
  -1.4312207685377889E-005
   2.8910726247868183E-008
   1.4138145396634212E-005
  -2.5583540508935239E-005
   3.2224794565409028E-005
  -3.2881047282968216E-005
   2.7482619219562302E-005
  -1.7074342395080326E-005
   3.6138107089511768E-006
   1.0396576529376711E-005
  -2.2374657042967339E-005
   3.0134242367274918E-005
  -3.2283929969770092E-005
   2.8476275918268705E-005
  -1.9462768361016086E-005
   6.9461538952943878E-006
   6.7409751248270882E-006
  -1.9070707961176630E-005
   2.7786543414082641E-005
  -3.1316175731783241E-005
   2.9054861133851191E-005
  -2.1468347273813860E-005
   9.9979831308687435E-006
   3.2128299156674490E-006
  -1.5718982051546529E-005
   2.5226051011979057E-005
  -3.0011076061439727E-005
   2.9234575784522320E-005
  -2.3087349299794856E-005
   1.2746482593370918E-005
  -1.5030225327255433E-007
  -1.2364758438379675E-005
   2.2497385150936749E-005
  -2.8404398706351095E-005
   2.9035834499140653E-005
  -2.4321208210320655E-005
   1.5173994087413821E-005
  -3.3150688989534705E-006
  -9.0508299183207046E-006
   1.9644840736473289E-005
  -2.6533790336729545E-005
   2.8482772443743256E-005
  -2.5176222125090881E-005
   1.7267965168001557E-005
  -6.2525250341384245E-006
  -5.8170840680294572E-006
   1.6711831506608410E-005
  -2.4438186426461784E-005
   2.7602729779108794E-005
  -2.5663206631296612E-005
   1.9020833315480060E-005
  -8.9382678888641913E-006
  -2.7001446375980161E-006
   1.3740375103175152E-005
  -2.2157235746790333E-005
   2.6425721706246487E-005
  -2.5797107329292769E-005
   2.0429851019305465E-005
  -1.1352505008134536E-005
   2.6692518473116469E-007
   1.0770623941639544E-005
  -1.9730746300715612E-005
   2.4983901842983634E-005
  -2.5596579035493873E-005
   2.1496857165861329E-005
  -1.3480058309147840E-005
   3.0548569546040426E-006
   7.8404456774627687E-006
  -1.7198158892444649E-005
   2.3311026368046467E-005
  -2.5083538947375806E-005
   2.2228000564330210E-005
  -1.5310307401600164E-005
   5.6383487860020359E-006
   4.9850562123383701E-006
  -1.4598053841031061E-005
   2.1441925977870105E-005
  -2.4282701047904294E-005
   2.2633421783179806E-005
  -1.6837076114551959E-005
   7.9961758054580525E-006
   2.2367073320751700E-006
  -1.1967695622434152E-005
   1.9411992235069351E-005
  -2.3221098902774195E-005
   2.2726899708369820E-005
  -1.8058466727995718E-005
   1.0111241020187461E-005
  -3.7556976881055312E-007
  -9.3426194716278531E-006
   1.7256684356609697E-005
  -2.1927603790347407E-005
   2.2525469375372756E-005
  -1.8976646874399097E-005
   1.1970569079615931E-005
  -2.8261646323309114E-006
  -6.7562632069000595E-006
   1.5011061902884852E-005
  -2.0432444806147027E-005
   2.2049017669973535E-005
  -1.9597594448454886E-005
   1.3565246041612870E-005
  -5.0930316849834793E-006
  -4.2396467655688590E-006
   1.2709348201413325E-005
  -1.8766737216298922E-005
   2.1319863451635553E-005
  -1.9930806154602912E-005
   1.4890308823504483E-005
  -7.1577794541256409E-006
  -1.8211011700685809E-006
   1.0384528672653067E-005
  -1.6962024892586318E-005
   2.0362328514434202E-005
  -1.9988975507892041E-005
   1.5944588491345551E-005
  -9.0057065992741777E-006
   4.7395210733228187E-007
   8.0679875426998241E-006
  -1.5049842172700515E-005
   1.9202305594112671E-005
  -1.9787646216844784E-005
   1.6730511951140793E-005
  -1.0625787127602132E-005
   2.6231711413241535E-006
   5.7891857283708135E-006
  -1.3061299946514711E-005
   1.7866829341548305E-005
  -1.9344846893653472E-005
   1.7253866921689131E-005
  -1.2010607721602139E-005
   4.6074133648034750E-006
   3.5753819810224013E-006
  -1.1026700192194506E-005
   1.6383655833090223E-005
  -1.8680712976965110E-005
   1.7523535307383251E-005
  -1.3156260597370984E-005
   6.4108062992316370E-006
   1.4513986832604800E-006
  -8.9751825804562331E-006
   1.4780855779751649E-005
  -1.7817101614518787E-005
   1.7551200245044940E-005
  -1.4062195730719481E-005
   8.0207709117270748E-006
  -5.6056698252485460E-007
  -6.9344061421250658E-006
   1.3086426140004741E-005
  -1.6777205044173594E-005
   1.7351032175080824E-005
  -1.4731036633516745E-005
   9.4279998553003488E-006
  -2.4410864251698356E-006
  -4.9302683623264188E-006
   1.1327924343300413E-005
  -1.5585167738636251E-005
   1.6939359286877568E-005
  -1.5168364133035351E-005
   1.0626393338258658E-005
  -4.1735981441039557E-006
  -2.9866634334992450E-006
   9.5321288023830027E-006
  -1.4265712248520194E-005
   1.6334327615064543E-005
  -1.5382472802840474E-005
   1.1612955795657054E-005
  -5.7444624638170951E-006
  -1.1252807774943802E-006
   7.7247288409077579E-006
  -1.2843778297643268E-005
   1.5555555922113379E-005
  -1.5384104816055826E-005
   1.2387656897075972E-005
  -7.1429741626985829E-006
   6.3455565771304272E-007
   5.9300465972746914E-006
  -1.1344179261549671E-005
   1.4623790298647266E-005
  -1.5186166042563352E-005
   1.2953260719271147E-005
  -8.3613351374954090E-006
   2.2760074011229180E-006
   4.1707928947698748E-006
  -9.7912797029530713E-006
   1.3560563152332717E-005
  -1.4803429194001872E-005
   1.3315127138851727E-005
  -9.3945896721770117E-006
   3.7848013846289920E-006
   2.4678584998999835E-006
  -8.2086971543642059E-006
   1.2387860945334884E-005
  -1.4252228737956239E-005
   1.3480989659370680E-005
  -1.0240525249955462E-005
   5.1492709260177409E-006
   8.4014163302368807E-007
  -6.6190308364512518E-006
   1.1127804686242126E-005
  -1.3550152159916845E-005
   1.3460713980332242E-005
  -1.0899542157324814E-005
   6.3603593719910855E-006
  -6.9558794470225083E-007
  -5.0436194885718216E-006
   9.8023467919616434E-006
  -1.2715731953636822E-005
   1.3266041644826913E-005
  -1.1374495378343577E-005
   7.4115884262401970E-006
  -2.1247884602658129E-006
  -3.5023299731024060E-006
   8.4329875158638187E-006
  -1.1768142472850695E-005
   1.2910323070595253E-005
  -1.1670512465352363E-005
   8.2989935593555545E-006
  -3.4352099517699550E-006
  -2.0133778047838608E-006
   7.0405136974075726E-006
  -1.0726905486040611E-005
   1.2408244179919337E-005
  -1.1794791199727611E-005
   9.0210292164751361E-006
  -4.6169235145197430E-006
  -5.9318025732498203E-007
   5.6447621332934108E-006
  -9.6116079475036286E-006
   1.1775550701367493E-005
  -1.1756380924394415E-005
   9.5784468034010423E-006
  -5.6623175107177945E-006
   7.4375778206858239E-007
   4.2644094070457103E-006
  -8.4416351381142884E-006
   1.1028774024903633E-005
  -1.1565951440861730E-005
   9.9741486412741038E-006
  -6.5660626511915174E-006
   1.9849254973692724E-006
   2.9167895511315676E-006
  -7.2359219460317030E-006
   1.0184962258052302E-005
  -1.1235553320203038E-005
   1.0213021234334458E-005
  -7.3250481797758472E-006
   3.1198560844085375E-006
   1.6177404578403868E-006
  -6.0127246558271415E-006
   9.2614198582160025E-006
  -1.0778373383369309E-005
   1.0301751294988459E-005
  -7.9382916648160622E-006
   4.1401460607886328E-006
   3.8147950991431692E-007
  -4.7894152022265450E-006
   8.2754589122783476E-006
  -1.0208488965190878E-005
   1.0248628017206382E-005
  -8.4068251267114386E-006
   5.0394454179289125E-006
  -7.7949152611489481E-007
  -3.5822994273579715E-006
   7.2441648043615702E-006
  -9.5406243931007949E-006
   1.0063335085248023E-005
  -8.7335604051300153E-006
   5.8134204080991516E-006
  -1.8544527063520451E-006
  -2.4064604643148433E-006
   6.1841786622088520E-006
  -8.7899128905318192E-006
   9.7567358524297228E-006
  -8.9231367942214132E-006
   6.4596910368356745E-006
  -2.8345039565547804E-006
  -1.2756279608661389E-006
   5.1114986081954987E-006
  -7.9716668614330755E-006
   9.3406550276851300E-006
  -8.9817540503170572E-006
   6.9777455650439916E-006
  -3.7125760481276819E-006
  -2.0207346042617167E-007
   4.0413014681414363E-006
  -7.1011592315035737E-006
   8.8276600694881003E-006
  -8.9169939052669303E-006
   7.3688345140653623E-006
  -4.4834159049125114E-006
   8.0346812207697253E-007
   2.9877862156388006E-006
  -6.1934182189869252E-006
   8.2308453116139860E-006
  -8.7376332021529639E-006
   7.6358468110061269E-006
  -5.1435479193697814E-006
   1.7318513496086217E-006
   1.9640400569075909E-006
  -5.2630375887390657E-006
   7.5636216375479866E-006
  -8.4534517111476551E-006
   7.7831708109717391E-006
  -5.6912131949952222E-006
   2.5755481902607572E-006
   9.8192769628797973E-007
  -4.3240041128596039E-006
   6.8395142848007283E-006
  -8.0750375848953822E-006
   7.8165429885482058E-006
  -6.1262888301507791E-006
   3.3286520784421182E-006
   5.2003970140448112E-008
  -3.3895436250344849E-006
   6.0719711017388945E-006
  -7.6135932784799058E-006
   7.7428871044980001E-006
  -6.4501895163865521E-006
   3.9868594382157523E-006
  -8.1655029863164407E-007
  -2.4719867186405946E-006
   5.2741833027350180E-006
  -7.0807445926514571E-006
   7.5701466272565193E-006
  -6.6657538417105467E-006
   4.5474302354515672E-006
  -1.6159696881287592E-006
  -1.5826548055539964E-006
   4.4589204772095113E-006
  -6.4883553045059108E-006
   7.3071131249307008E-006
  -6.7771177665389935E-006
   5.0091293287310569E-006
  -2.3399235607775561E-006
  -7.3176692791025201E-007
   3.6383813095231085E-006
  -5.8483496316829115E-006
   6.9632532451442205E-006
  -6.7895777786279477E-006
   5.3721505561142154E-006
  -2.9835144603300064E-006
   7.1632597093773625E-008
   2.8240611640786063E-006
  -5.1725445385114305E-006
   6.5485367703326775E-006
  -6.7094462342381758E-006
   5.6380256253984284E-006
  -3.5432567755373929E-006
   8.1972591490629195E-007
   2.0266373884143544E-006
  -4.4724936399749208E-006
   6.0732680788375923E-006
