 havg dh:
    12.14951345250477         13.50823438017392     
 mu
  -0.1124346330027062     
 coefs:
   0.1380857773746252     
  -0.2675902313041140     
   0.2428027867301036     
  -0.2045520154139470     
   0.1570049207775883     
  -0.1052074716292291     
   5.4434181888260116E-002
  -9.5246690454901840E-003
  -2.5700312176072201E-002
   4.8864224113040797E-002
  -5.9247194235739570E-002
   5.7763628501900754E-002
  -4.6717889640354428E-002
   2.9382878908113017E-002
  -9.4706112352809721E-003
  -9.4230631197846047E-003
   2.4317239922652847E-002
  -3.3218192713944654E-002
   3.5317482519875917E-002
  -3.0997194559190193E-002
   2.1653994505208655E-002
  -9.3809402612485219E-003
  -3.4341239604044980E-003
   1.4525064404486844E-002
  -2.2111918594712350E-002
   2.5158551331104537E-002
  -2.3489040467777198E-002
   1.7753142155044335E-002
  -9.2562902843384646E-003
  -3.0911896570142913E-004
   9.1802281010348909E-003
  -1.5832018078097046E-002
   1.9225899816122105E-002
  -1.8959925943970363E-002
   1.5300620994391948E-002
  -9.0975413623195465E-003
   1.6015733764427064E-003
   5.7766445986067207E-003
  -1.1723336394803619E-002
   1.5248002284723469E-002
  -1.5841775232516425E-002
   1.3543418503130442E-002
  -8.9058117739710934E-003
   2.8734093815881078E-003
   3.4037847457532321E-003
  -8.7841971844880087E-003
   1.2337713825694593E-002
  -1.3502405358987033E-002
   1.2169195061484686E-002
  -8.6824482801429580E-003
   3.7597741821364730E-003
   1.6515230346511429E-003
  -6.5533650255814382E-003
   1.0078001248027551E-002
  -1.1638945241757823E-002
   1.1025938079972833E-002
  -8.4290144172481356E-003
   4.3898990889098223E-003
   3.0802108173411558E-004
  -4.7893284424359384E-003
   8.2476472284863343E-003
  -1.0088884546379229E-002
   1.0031513709725322E-002
  -8.1472769378886402E-003
   4.8368921209403686E-003
  -7.4717813012057125E-004
  -3.3536667451215122E-003
   6.7188882777180553E-003
  -8.7578132407369613E-003
   9.1382606993840459E-003
  -7.8391905312344898E-003
   5.1455204397050543E-003
  -1.5876955134452031E-003
  -2.1615141834093162E-003
   5.4131392499195919E-003
  -7.5876141230143751E-003
   8.3171382779083057E-003
  -7.5068809722861280E-003
   5.3450274632700755E-003
  -2.2611785559920085E-003
  -1.1580255336384581E-003
   4.2796664701157568E-003
  -6.5409355305017774E-003
   7.5498838781532535E-003
  -7.1526268640801291E-003
   5.4556106137301549E-003
  -2.7999737195352290E-003
  -3.0619981239263076E-004
   3.2844321535871594E-003
  -5.5929814145909661E-003
   6.8248196993482696E-003
  -6.7788401500904968E-003
   5.4919351442236277E-003
  -3.2269764822038020E-003
   4.1985748135326426E-004
   2.4038647732268648E-003
  -4.7268843917133334E-003
   6.1344649242200348E-003
  -6.3880455853996855E-003
   5.4651502275861932E-003
  -3.5590209430414761E-003
   1.0388710202175195E-003
   1.6211898950165826E-003
  -3.9309578297709244E-003
   5.4741030069215667E-003
  -5.9828593645491132E-003
   5.3840989852529768E-003
  -3.8089348051124181E-003
   1.5648010634189326E-003
   9.2417134656887093E-004
  -3.1969905783264660E-003
   4.8408826784292550E-003
  -5.5659671112376803E-003
   5.2560714421613832E-003
  -3.9868325711941172E-003
   2.0083691348312819E-003
   3.0366785969003078E-004
  -2.5191483501908222E-003
   4.2332313778573223E-003
  -5.1401014401490936E-003
   5.0872866205751927E-003
  -4.1009547298461197E-003
   2.3780564329429947E-003
  -2.4731881638167847E-004
  -1.8932427245233407E-003
   3.6504590445198557E-003
  -4.7080193041111832E-003
   4.8832079633529275E-003
  -4.1582261191512983E-003
   2.6807744581963276E-003
  -7.3428874990046512E-004
  -1.3162309731381625E-003
   3.0924820688093013E-003
  -4.2724793405011143E-003
   4.6487528210826844E-003
  -4.1646348810034659E-003
   2.9223252365499245E-003
  -1.1616906424932643E-003
  -7.8586546369816619E-004
   2.5596255510640454E-003
  -3.8362194293163248E-003
   4.3884327002540122E-003
  -4.1254934939638655E-003
   3.1077225928688545E-003
  -1.5332372636302728E-003
  -3.0044280039037393E-004
   2.0524781286863532E-003
  -3.4019346716554766E-003
   4.1064471656010581E-003
  -4.0456203336814668E-003
   3.2414192987156904E-003
  -1.8521314431485980E-003
   1.4137875636780763E-004
   1.5717831021597409E-003
  -2.9722559915580839E-003
   3.8067460964868959E-003
  -3.9294664788152509E-003
   3.3274689822895354E-003
  -2.1212297194573965E-003
   5.4071396015649290E-004
   1.1183553250178678E-003
  -2.5497295563005761E-003
   3.4930699893317855E-003
  -3.7812040591355799E-003
   3.3696418792339075E-003
  -2.3431615737680295E-003
   8.9855083503363221E-004
   6.9301688675539618E-004
  -2.1367972004471989E-003
   3.1689748553297686E-003
  -3.6047871437486080E-003
   3.3715073126537971E-003
  -2.5204163781569790E-003
   1.2158256525297739E-003
   2.9654688395796993E-004
  -1.7357780273203724E-003
   2.8378462423981608E-003
  -3.4039927554209365E-003
   3.3364917951557898E-003
  -2.6554064311977627E-003
   1.4934789354991425E-003
  -7.0357954832291864E-005
  -1.3488513482263031E-003
   2.5029055823335812E-003
  -3.1824473531503333E-003
   3.2679190138189098E-003
  -2.7505119778407456E-003
   1.7324969269062298E-003
  -4.0711405455840519E-004
  -9.7804110490400499E-004
   2.1672111727361718E-003
  -2.9436426205192929E-003
   3.1690361928120797E-003
  -2.8081124464446254E-003
   1.9339417064751304E-003
  -7.1327480343759799E-004
  -6.2520190443111012E-004
   1.8336554926589893E-003
  -2.6909433698789056E-003
   3.0430301226212330E-003
  -2.8306070001143228E-003
   2.0989722822144811E-003
  -9.8854856049818748E-004
  -2.9200677840325216E-004
   1.5049601242383024E-003
  -2.4275896584129647E-003
   2.8930353083571106E-003
  -2.8204267125866993E-003
   2.2288583923858476E-003
  -1.2328117327490254E-003
   2.0063240196526918E-005
   1.1836692482817223E-003
  -2.1566947074606766E-003
   2.7221361003125716E-003
  -2.7800401260745923E-003
   2.3249883399403572E-003
  -1.4461175861981358E-003
   3.0972764820074545E-004
   8.7214246023470257E-004
  -1.8812398536272427E-003
   2.5333642484862652E-003
  -2.7119535549318943E-003
   2.3888718892098645E-003
  -1.6287013113981301E-003
   5.7591305703787524E-004
   5.7254748806671407E-004
  -1.6040674947286038E-003
   2.3296930167758653E-003
  -2.6187072151827836E-003
   2.4221390460909763E-003
  -1.7809817649505754E-003
   8.1775779668516240E-004
   2.8685326808348011E-004
  -1.3278727957823854E-003
   2.1140287668258038E-003
  -2.5028680525388926E-003
   2.4265353927226041E-003
  -1.9035602399969126E-003
   1.0346145246059905E-003
   1.6823736803615043E-005
  -1.0551947699459110E-003
   1.8892007522069948E-003
  -2.3670199877855085E-003
   2.4039145383611235E-003
  -1.9972165718971265E-003
   1.2260508456096331E-003
  -2.3598738111685818E-004
  -7.8840723271876600E-004
   1.6579497342765746E-003
  -2.2137521826634575E-003
   2.3562281677620613E-003
  -2.0629028535829627E-003
   1.3918479683900872E-003
  -4.7024057283484263E-004
  -5.2971003531965808E-004
   1.4229159302844231E-003
  -2.0456458406510453E-003
   2.2855141084346772E-003
  -2.1017350138905471E-003
   1.5319974438020760E-003
  -6.8481316250437068E-004
  -2.8112090824374892E-004
   1.1866267240376995E-003
  -1.8652599876353975E-003
   2.1938827926585216E-003
  -2.1149824982511119E-003
   1.6466960485170797E-003
  -8.7880044465195751E-004
  -4.4468183907288414E-005
   9.5148450401802225E-004
  -1.6751166218598795E-003
   2.0835024548496407E-003
  -2.1040562820656963E-003
   1.7363388953698315E-003
  -1.0515152482743848E-003
   1.7861538530729946E-004
   7.1975493925101634E-004
  -1.4776855768100857E-003
   1.9565833766537477E-003
  -2.0704954411824138E-003
   1.8015108682939074E-003
  -1.2024858890394598E-003
   3.8669754276686983E-004
   4.9355595652306075E-004
  -1.2753694020264722E-003
   1.8153614687766051E-003
  -2.0159524998392044E-003
   1.8429764950656804E-003
  -1.3314524979409067E-003
   5.7855004620139573E-004
   2.7484764171392000E-004
  -1.0704885331682724E-003
   1.6620814584167162E-003
  -1.9421777732947440E-003
   1.8616683849999858E-003
  -1.4383617424854342E-003
   7.5315069404836865E-004
   6.5423251545788634E-005
  -8.6526699253434568E-004
   1.4989799330546042E-003
  -1.8510029194369689E-003
   1.8586743711240224E-003
  -1.5233599813658804E-003
   9.0968379657393864E-004
  -1.3309851107925558E-004
  -6.6181883362366987E-004
   1.3282684744254773E-003
  -1.7443239104194068E-003
   1.8352235070906008E-003
  -1.5867849158785791E-003
   1.0475390581305567E-003
  -3.1927983551380626E-004
  -4.6213551744978345E-004
   1.1521171001474370E-003
  -1.6240836314538344E-003
   1.7926710780818279E-003
  -1.6291558212521199E-003
   1.1663088637093085E-003
  -4.9186866136844472E-004
  -2.6807438369875884E-004
   9.7263821427424923E-004
  -1.4922543090210578E-003
   1.7324827921295428E-003
  -1.6511624586801092E-003
   1.2657839874835237E-003
  -6.4980198855537567E-004
  -8.1348356097864813E-005
   7.9187125170619211E-004
  -1.3508199647711073E-003
   1.6562183235856590E-003
  -1.6536527842615080E-003
   1.3459477634794482E-003
  -7.9220759696669587E-004
   9.6483001669965494E-005
   6.1176818475202396E-004
  -1.2017590841635814E-003
   1.5655143838857813E-003
  -1.6376195842897931E-003
   1.4069687789425140E-003
  -9.1840415707047311E-004
   2.6402098562737758E-004
   4.3418004309984785E-004
  -1.0470276803978616E-003
   1.4620674962541754E-003
  -1.6041861774237257E-003
   1.4491921694428462E-003
  -1.0278997350157953E-003
   4.2003373478591142E-004
   2.6084458100039117E-004
  -8.8854292439819317E-004
   1.3476166506110737E-003
  -1.5545913332383971E-003
   1.4731296112976060E-003
  -1.1203887167699224E-003
   5.6346064747880148E-004
   9.3375207619861536E-005
  -7.2816750058600466E-004
   1.2239260126983725E-003
  -1.4901735635171000E-003
   1.4794481214811272E-003
  -1.1957471953405996E-003
   6.9341520095777165E-004
  -6.6748721652677915E-005
  -5.6769483595961868E-004
   1.0927678573922955E-003
  -1.4123549474299910E-003
   1.4689577878368824E-003
  -1.2540268832168075E-003
   8.0918616458261873E-004
  -2.1819017356055920E-004
  -4.0883533670427652E-004
   9.5590589039457985E-004
  -1.3226246544900495E-003
   1.4425985630870080E-003
  -1.2954476287327164E-003
   9.1023721627550352E-004
  -3.5976120412687458E-004
  -2.5320375229151448E-004
   8.1507911508111848E-004
  -1.2225223299298319E-003
   1.4014262648482387E-003
  -1.3203886300586754E-003
   9.9620499037524914E-004
  -4.9042818221158436E-004
  -1.0230777193052362E-004
   6.7198639234628574E-004
  -1.1136215059636906E-003
   1.3465979306071583E-003
  -1.3293784538869495E-003
   1.0668956024948674E-003
  -6.0931544541345582E-004
   4.2462057543804717E-005
   5.2827183093841028E-004
  -9.9751319936563902E-004
   1.2793566813929492E-003
  -1.3230839775502314E-003
   1.1222797133422383E-003
  -7.1570738224511414E-004
   1.7984101956096345E-004
   3.8551113417541628E-004
  -8.7578985099279801E-004
   1.2010162507370384E-003
  -1.3022983832417638E-003
   1.1624862085997051E-003
  -8.0904895202810103E-004
   3.0869746535018246E-004
   2.4519901620867869E-004
  -7.5002975642048694E-004
   1.1129453364594072E-003
  -1.2679283411547891E-003
   1.1877945857633738E-003
  -8.8894467083725057E-004
   4.2803856182018786E-004
   1.0873778733031719E-004
  -6.2178212884718301E-004
   1.0165519319280576E-003
  -1.2209805247089781E-003
   1.1986261512283577E-003
  -9.5515610793095440E-004
   5.3701452731891547E-004
  -2.2572806639276116E-005
  -4.9255292600380429E-004
   9.1326779076332022E-004
  -1.1625476055677980E-003
   1.1955341417833713E-003
  -1.0075979522853338E-003
   6.3492134947520809E-004
  -1.4754442091520685E-004
  -3.6379156210461337E-004
   8.0453317458738054E-004
  -1.0937938788844164E-003
   1.1791928939811781E-003
  -1.0463327229782086E-003
   7.2120199564919285E-004
  -2.6510756979491079E-004
  -2.3687861405815430E-004
   6.9178202744766821E-004
  -1.0159406701665632E-003
   1.1503861925251933E-003
  -1.0715642101200621E-003
   7.9544614233559177E-004
  -3.7431766747283475E-004
  -1.1311461837517896E-004
   5.7642771308000370E-004
  -9.3025167436395530E-004
   1.1099949348202013E-003
  -1.0836297446962613E-003
   8.5738846501535082E-004
  -4.7435962873310577E-004
   6.2899583653162918E-006
   4.5984944234861506E-004
