 havg dh:
    12.14951345250477         13.50823438017392     
 homo lumo
  -0.1680551375658878       -4.5268839604916317E-002
 coefs:
   0.1380889161073087     
  -0.2675932490632276     
   0.2427971255857923     
  -0.2045352609556074     
   0.1569787522612073     
  -0.1051776145081282     
   5.4409183975320963E-002
  -9.5137573843533420E-003
  -2.5689792832291936E-002
   4.8829158582229672E-002
  -5.9190212126481054E-002
   5.7693332773797033E-002
  -4.6647623599286377E-002
   2.9328193394089822E-002
  -9.4459127840529934E-003
  -9.4079746001927006E-003
   2.4259955221960373E-002
  -3.3125103690258478E-002
   3.5203378805528270E-002
  -3.0882976762810131E-002
   2.1562843911902673E-002
  -9.3336473363099092E-003
  -3.4237364929417900E-003
   1.4453641162249412E-002
  -2.1988171237157537E-002
   2.5002480697734045E-002
  -2.3328770528962525E-002
   1.7619852808926337E-002
  -9.1781618358975879E-003
  -3.1277542164684998E-004
   9.1034461539969604E-003
  -1.5684261428022258E-002
   1.9031189578298635E-002
  -1.8753008548675655E-002
   1.5120772600850910E-002
  -8.9811125555452048E-003
   1.5746893077135532E-003
   5.7037707021726919E-003
  -1.1559265467754950E-002
   1.5019397178954084E-002
  -1.5589149400654525E-002
   1.3313966242515083E-002
  -8.7445869347116054E-003
   2.8145022263418341E-003
   3.3443487282435874E-003
  -8.6123746647723248E-003
   1.2081275400239492E-002
  -1.3206539688616580E-002
   1.1888561573276652E-002
  -8.4710730659514864E-003
   3.6606580263639841E-003
   1.6150871687623724E-003
  -6.3830229292242855E-003
   9.8009775861950879E-003
  -1.1303799204007517E-002
   1.0694073339819603E-002
  -8.1634235159949962E-003
   4.2432064999724942E-003
   3.0394758730764278E-004
  -4.6301539574267071E-003
   7.9583157499103305E-003
  -9.7198366163530128E-003
   9.6499214840620479E-003
  -7.8248141158036317E-003
   4.6362661793790706E-003
  -7.0995650168378867E-004
  -3.2155767891480710E-003
   6.4263749287964671E-003
  -8.3615573495246596E-003
   8.7099909691381507E-003
  -7.4586984385404363E-003
   4.8857857740502138E-003
  -1.5008969318186555E-003
  -2.0544234537918284E-003
   5.1272178900745200E-003
  -7.1720265829484106E-003
   7.8467457411325707E-003
  -7.0687587545909380E-003
   5.0223366270514998E-003
  -2.1173808927054090E-003
  -1.0916129565541539E-003
   4.0105426739980186E-003
  -6.1149152056380147E-003
   7.0433533557003316E-003
  -6.6588543077493473E-003
   5.0675626670099788E-003
  -2.5928062200428442E-003
  -2.8967832671368760E-004
   3.0425159723645951E-003
  -5.1662664678468377E-003
   6.2894599627348865E-003
  -6.2329677949466439E-003
   5.0376638901574880E-003
  -2.9512902574857676E-003
   3.7796294680392077E-004
   2.1995372239058319E-003
  -4.3098494274509637E-003
   5.5787731255917327E-003
  -5.7951509530995930E-003
   4.9453801948172310E-003
  -3.2110346592584323E-003
   9.3093269631940717E-004
   1.4645680710364591E-003
  -3.5343956555362599E-003
   4.9076025035702589E-003
  -5.3494701605727316E-003
   4.8011679255429429E-003
  -3.3863524751213923E-003
   1.3842802149122068E-003
   8.2487706317891675E-004
  -2.8318831237434464E-003
   4.2739375956437620E-003
  -4.8999529472330914E-003
   4.6139188147066483E-003
  -3.4889309404101307E-003
   1.7499866259421456E-003
   2.7060466433680391E-004
  -2.1964314983547858E-003
   3.6768417324889190E-003
  -4.4505362768283681E-003
   4.3914082448018102E-003
  -3.5286383880570940E-003
   2.0379384041383248E-003
  -2.0617562331541356E-004
  -1.6235699273070992E-003
   3.1160406476754754E-003
  -4.0050174191500320E-003
   4.1405777253864075E-003
  -3.5140491455594499E-003
   2.2565700597462065E-003
  -6.1208472051544325E-004
  -1.1097405350365538E-003
   2.5916357315157968E-003
  -3.5670081683278673E-003
   3.8677130005060024E-003
  -3.4527885271840278E-003
   2.4132939524375910E-003
  -9.5286342147821309E-004
  -6.5195628923150786E-004
   2.1039003255537130E-003
  -3.1398930890279599E-003
   3.5785551287820599E-003
  -3.3517601136643918E-003
   2.5147893247575641E-003
  -1.2336629255130006E-003
  -2.4756321037632239E-004
   1.6531334264861855E-003
  -2.7267923860313393E-003
   3.2783680243702621E-003
  -3.2172944642492357E-003
   2.5671960510178144E-003
  -1.4592429144061787E-003
   1.0592481938632753E-004
   1.2395545365133469E-003
  -2.3305298967046958E-003
   2.9719776914279676E-003
  -3.0552446517940679E-003
   2.5762426804768431E-003
  -1.6341048584865262E-003
   4.1093939058159076E-004
   8.6322903039460195E-004
  -1.9536066019836462E-003
   2.6637933037118255E-003
  -2.8710455530516722E-003
   2.5473285502056182E-003
  -1.7625791135875409E-003
   6.6993299382813495E-004
   5.2401687463719262E-004
  -1.5981799423809028E-003
   2.3578170557964425E-003
  -2.6697484770591491E-003
   2.4855735428573490E-003
  -1.8488786016611475E-003
   8.8542619760162552E-004
   2.2153970714905967E-004
  -1.2660491132487329E-003
   2.0576476024402853E-003
  -2.4560392400581449E-003
   2.3958450450228086E-003
  -1.8971281323156349E-003
   1.0600334635604298E-003
  -4.4837330804219349E-005
  -9.5864640019925292E-004
   1.7664804796589772E-003
  -2.2342454784764353E-003
   2.2827689918383477E-003
  -1.9113759492212932E-003
   1.1964726633831725E-003
  -2.7601172587845646E-004
  -6.7703450424489613E-004
   1.4871079115858585E-003
  -2.0083374050644406E-003
   2.1507300666066898E-003
  -1.8955924109653334E-003
   1.2975621370507205E-003
  -4.7313982031846260E-004
  -4.2190969819228777E-004
   1.2219196972908678E-003
  -1.7819250969442584E-003
   2.0038648557424250E-003
  -1.8536595549978217E-003
   1.3662082936374469E-003
  -6.3762488419169831E-004
  -1.9361055392608023E-004
   9.7290634728237175E-004
  -1.5582545965435197E-003
   1.8460508503275834E-003
  -1.7893544680481486E-003
   1.4053861666708642E-003
  -7.7109852202313718E-004
   7.8681138934562573E-006
   7.4166524013106333E-004
  -1.3402045051346546E-003
   1.6808935150838433E-003
  -1.7063287824397812E-003
   1.4181149108655723E-003
  -8.7539672541774569E-004
   1.8285652672315198E-004
   5.2941025892767901E-004
  -1.1302842884695137E-003
   1.5117131364127572E-003
  -1.6080861619033723E-003
   1.4074299090259261E-003
  -9.5253175514834257E-004
   3.3198695620964645E-004
   3.3698511991010554E-004
  -9.3063515259385722E-004
   1.3415327628448442E-003
  -1.4979592846642419E-003
   1.3763529105697216E-003
  -1.0046609382554546E-003
   4.5616704715091799E-004
   1.6488040676167811E-004
  -7.4303405755791866E-004
   1.1730682306886563E-003
  -1.3790875440113188E-003
   1.3278614218579794E-003
  -1.0340533845912840E-003
   5.5655007093857408E-004
   1.3254163005726896E-005
  -5.6890119939659333E-004
   1.0087210030111436E-003
  -1.2543964465050489E-003
   1.2648583974599987E-003
  -1.0430555541753707E-003
   6.3450276548359394E-004
  -1.1804423488268837E-004
  -4.0931109427978302E-004
   8.5057432717814459E-004
  -1.1265794816632982E-003
   1.1901431298692333E-003
  -1.0340565359597130E-003
   6.9157143724859029E-004
  -2.2944730397163045E-004
  -2.6500723520530748E-004
   7.0039302522753458E-004
  -9.9808305539461715E-004
   1.1063840964339396E-003
  -1.0094538268546182E-003
   7.2944700701815541E-004
  -3.2164024101333043E-004
  -1.3642015602178956E-004
   5.5962706663779786E-004
  -8.7109491710035713E-004
   1.0160943921069449E-003
  -9.7162032469203788E-004
   7.4992967303892113E-004
  -3.9552978625839914E-004
  -2.3688625888831059E-005
   4.2941893023670460E-004
  -7.4753636350912485E-004
   9.2161025273283955E-004
  -9.2287316979613586E-004
   7.5489384375230291E-004
  -4.5221172175534602E-004
   7.3316392512083140E-005
   3.1061463894087543E-004
  -6.2905836923361010E-004
   8.2507305486845955E-004
  -8.6544498658110364E-004
   7.4625395886241579E-004
  -4.9293758171794772E-004
   1.5496545752631595E-004
   2.0377824585145643E-004
  -5.1704167344463945E-004
   7.2841506429443300E-004
  -8.0145798977447223E-004
   7.2593177255546846E-004
  -5.1908115662495239E-004
   2.2184252369602994E-004
   1.0920946207055172E-004
  -4.1260074385339582E-004
   6.3334909676583152E-004
  -7.3290133042500701E-004
   6.9582561797543619E-004
  -5.3210536179061152E-004
   2.7471549920842305E-004
   2.6964045025793079E-005
  -3.1659144307030280E-004
   5.4136215187069710E-004
  -6.6161196589147747E-004
   6.5778210894492511E-004
  -5.3353001653845826E-004
   3.1450602496729395E-004
  -4.3123490035186745E-005
  -2.2962213889361196E-004
   4.5371298490430367E-004
  -5.8925924710607981E-004
   6.1357066498456592E-004
  -5.2490104344872187E-004
   3.4225901702673997E-004
  -1.0141531311507070E-004
  -1.5206792912569829E-004
   3.7143349358381803E-004
  -5.1733332692952786E-004
   5.6486117092837188E-004
  -5.0776154991833788E-004
   3.5911250275887671E-004
  -1.4844438080337382E-004
  -8.4087593579817944E-005
   2.9533371698329500E-004
  -4.4713740696691764E-004
   5.1320500433552714E-004
  -4.8362519854542587E-004
   3.6626825704442779E-004
  -1.8488771116433376E-004
  -2.5642840977400981E-005
   2.2601017428568448E-004
  -3.7978375827817221E-004
   4.6001958450391612E-004
  -4.5395220994102559E-004
   3.6496370966097467E-004
  -2.1153934594587902E-004
   2.3480613444947331E-005
   1.6385721156707598E-004
  -3.1619337535225534E-004
   4.0657651790327340E-004
  -4.2012827381284016E-004
   3.5644555026911277E-004
  -2.2928349996391304E-004
   6.3650622998451278E-005
   1.0908097633675104E-004
  -2.5709905379272266E-004
   3.5399333794156290E-004
  -3.8344657296329970E-004
   3.4194540462311834E-004
  -2.3906837238042898E-004
   9.5365327293076300E-005
   6.1715602451429456E-005
  -2.0305162157740038E-004
   3.0322876379210493E-004
  -3.4509305234828238E-004
   3.2265789669383980E-004
  -2.4188105950947064E-004
   1.1922949774930707E-004
   2.1641162325681818E-005
  -1.5442900213772593E-004
   2.5508133502675167E-004
  -3.0613499305059695E-004
   2.9972134775948589E-004
  -2.3872396528179296E-004
   1.3593097991363229E-004
  -1.1397070793094652E-005
  -1.1144774586336481E-004
   2.1019121721103885E-004
  -2.6751288079370780E-004
   2.7420129721014122E-004
  -2.3059305475602347E-004
   1.4621767561245625E-004
  -3.7768510943815640E-005
  -7.4176635082613115E-005
   1.6904491961747988E-004
  -2.3003549186144688E-004
   2.4707696233485145E-004
  -2.1845824001983573E-004
   1.5087547316397547E-004
  -5.7936750923156578E-005
  -4.2551946577312457E-005
   1.3198262058250509E-004
  -1.9437805743927544E-004
   2.1923068744199263E-004
  -2.0324612781065044E-004
   1.5070749152558817E-004
  -7.2439092724817261E-005
  -1.6393944964877524E-005
   9.9207759527256085E-005
  -1.6108331168614002E-004
   1.9144036786635042E-004
  -1.8582529594208481E-004
   1.4651495562370185E-004
  -8.1866526335917523E-005
   4.5758202042907054E-006
   7.0798527491417850E-005
  -1.3056518020914708E-004
   1.6437477312530922E-004
  -1.6699420273615946E-004
   1.3907996692969271E-004
  -8.6844532069690075E-005
   2.0716831781864736E-005
   4.6720870656275361E-005
  -1.0311482493946043E-004
   1.3859163699759478E-004
  -1.4747177157068986E-004
   1.2915037676154223E-004
  -8.8015040762032086E-005
   3.2451936813398738E-005
   2.6842613392835668E-005
  -7.8908729213791710E-005
   1.1453833172989706E-004
  -1.2789063288932878E-004
   1.1742691165304407E-004
  -8.6019839941822235E-005
   4.0250066843474728E-005
   1.0948308790671843E-005
  -5.8018483481650209E-005
   9.2554899800566476E-005
  -1.0879294981601262E-004
   1.0455264158055623E-004
  -8.1485663734236419E-005
   4.4609687512742327E-005
  -1.2455651583706019E-006
  -4.0421917693474988E-005
   7.2879180419658005E-005
  -9.0628702061903649E-005
   9.1104824537864622E-005
  -7.5011151399182800E-005
   4.6043279268295968E-005
  -1.0075427249349710E-005
  -2.6015220849015861E-005
   5.5653739699505672E-005
  -7.3756257085815449E-005
   7.7589106040939205E-005
  -6.7155805175745661E-005
   4.5063107152588274E-005
  -1.5915770511269560E-005
  -1.4625691195725902E-005
   4.0934293459093083E-005
  -5.8445018273491824E-005
   6.4436000883014193E-005
  -5.8431024093317656E-005
   4.2168490545204100E-005
  -1.9165001453114888E-005
  -6.0247716174354691E-006
   2.8699299991966331E-005
  -4.4879907849806563E-005
   5.1999537875912499E-005
  -4.9293237687970350E-005
   3.7834734347315945E-005
  -2.0232209949076982E-005
   5.8956844090185642E-008
   1.8860396683828681E-005
