 havg dh:
    13.47875130610309         14.31206514676954     
 homo lumo
   0.2428358446281403        0.2568189616367221     
 coefs:
   0.1246325831537111     
  -0.2429447332783657     
   0.2245587024064134     
  -0.1957706060375621     
   0.1591527606728307     
  -0.1179106809537007     
   7.5543643049830356E-002
  -3.5480828184948236E-002
   7.3481427426368747E-004
   2.6388561293827412E-002
  -4.4492373448030739E-002
   5.3182349591904245E-002
  -5.3045100650254896E-002
   4.5517711565146064E-002
  -3.2668317018021462E-002
   1.6917292301473989E-002
  -7.3475602188791903E-004
  -1.3648448040419765E-002
   2.4482306303422109E-002
  -3.0665044973190548E-002
   3.1820077573767737E-002
  -2.8278191056681029E-002
   2.0972749891112922E-002
  -1.1266288743555205E-002
   7.3465894314072102E-004
   9.0610119053400121E-003
  -1.6784285278609104E-002
   2.1488971292360815E-002
  -2.2721146450092176E-002
   2.0547874489315859E-002
  -1.5513113301583333E-002
   8.5309909249809846E-003
  -7.3452305083907866E-004
  -6.6970596500622532E-003
   1.2707474426239334E-002
  -1.6505867108369588E-002
   1.7664247097727750E-002
  -1.6158620996189418E-002
   1.2350908294036232E-002
  -6.9170967837722773E-003
   7.3434836292263748E-004
   5.2550611624397102E-003
  -1.0182627307102432E-002
   1.3375479776846623E-002
  -1.4444636136019845E-002
   1.3328523497764682E-002
  -1.0287461491554224E-002
   5.8519568505996369E-003
  -7.3413490245254379E-004
  -4.2834652679558912E-003
   8.4648153805510565E-003
  -1.1225950705840825E-002
   1.2214335599645730E-002
  -1.1351543580564409E-002
   8.8344246696950030E-003
  -5.0960996392859495E-003
   7.3388269760469400E-004
   3.5842232788457200E-003
  -7.2201053131516991E-003
   9.6582939627753040E-003
  -1.0577622661453108E-002
   9.8920238483250003E-003
  -7.7555004667073657E-003
   4.5316900730913139E-003
  -7.3359178166561170E-004
  -3.0567874607788969E-003
   6.2764709719279055E-003
  -8.4640842375705173E-003
   9.3249971979573031E-003
  -8.7699742896946067E-003
   6.9224133209927182E-003
  -4.0940019326439871E-003
   7.3326219302640198E-004
   2.6446858501978066E-003
  -5.5362760165452987E-003
   7.5238245093290912E-003
  -8.3351698397407786E-003
   7.8802061049861871E-003
  -6.2595136777873388E-003
   3.7445272975119245E-003
  -7.3289397517504909E-004
  -2.3137564391564657E-003
   4.9399861936171453E-003
  -6.7640890382798871E-003
   7.5330568501610949E-003
  -7.1571311366140393E-003
   5.7193007781325194E-003
  -3.4589221579267720E-003
   7.3248717668982833E-004
   2.0421202267442156E-003
  -4.4492350740144701E-003
   6.1372722520466223E-003
  -6.8696907194775170E-003
   6.5577293353934144E-003
  -5.2704444491932035E-003
   3.2210426647719800E-003
  -7.3204185122671358E-004
  -1.8151160594960731E-003
   4.0381841229121434E-003
  -5.6111563537020563E-003
   6.3117736737672778E-003
  -6.0526108962968353E-003
   4.8914436991067791E-003
  -3.0197606028641924E-003
   7.3155805751444686E-004
   1.6225509733160839E-003
  -3.6887951909213542E-003
   5.1631588813183197E-003
  -5.8358740687355481E-003
   5.6210143343926738E-003
  -4.5670524704205353E-003
   2.8471559568536710E-003
  -7.3103585933932192E-004
  -1.4571185317517879E-003
   3.3880935352595958E-003
  -4.7769812861208636E-003
   5.4250242757163496E-003
  -5.2478566321716887E-003
   4.2861593243088093E-003
  -2.6974385261578642E-003
   7.3047532553505840E-004
   1.3134446003144448E-003
  -3.1265076850346268E-003
   4.4405653825562502E-003
  -5.0666355150017252E-003
   4.9219161302697743E-003
  -4.0404748641143734E-003
   2.5662771184853015E-003
  -7.2987652996969906E-004
  -1.1874881815175198E-003
   2.8968222793315716E-003
  -4.1447985799989030E-003
   4.7511709315721448E-003
  -4.6346712170080174E-003
   3.8236893355152301E-003
  -2.4503672523202460E-003
   7.2923955153303432E-004
   1.0761521763150395E-003
  -2.6934951355196972E-003
   3.8826662286635797E-003
  -4.4712736162691403E-003
   4.3795343576363771E-003
  -3.6309149815393700E-003
   2.3471439662470996E-003
  -7.2856447412033198E-004
  -9.7702299693314554E-004
   2.5121988430380419E-003
  -3.6486807505148231E-003
   4.2211774308895753E-003
  -4.1513328792392619E-003
   3.4583068439605308E-003
  -2.2545859206658859E-003
   7.2785138661904392E-004
   8.8819186977737749E-004
  -2.3495052370240089E-003
   3.4384875554210222E-003
  -3.9962991178454938E-003
   3.9459484965391461E-003
  -3.3027987642471803E-003
   2.1710786385944962E-003
  -7.2710038288523171E-004
  -8.0812941450228231E-004
   2.2026633612346126E-003
  -3.2485870065276281E-003
   3.7929497923473296E-003
  -3.7600617029025112E-003
   3.1619157215761360E-003
  -2.0953170544991285E-003
   7.2631156173836372E-004
   7.3559584558226276E-004
  -2.0694401237728332E-003
   3.0761344304196885E-003
  -3.6081269483727563E-003
   3.5909670817396411E-003
  -3.0336379396458698E-003
   2.0262347925675433E-003
  -7.2548502693195547E-004
  -6.6957552600539771E-004
   1.9480039220580961E-003
  -2.9187937558346603E-003
   3.4393619296983089E-003
  -3.4364375960818177E-003
   2.9163008334406790E-003
  -1.9629519949406504E-003
   7.2462088714037238E-004
   6.0922850162106322E-004
  -1.8368383000428022E-003
   2.7746287210305238E-003
  -3.2846063444780626E-003
   3.2946233442771519E-003
  -2.8085202325828541E-003
   1.9047362611531566E-003
  -7.2371925593502952E-004
  -5.5385408912851132E-004
   1.7346769685970286E-003
  -2.6420208608703335E-003
   3.1421462966463361E-003
  -3.1639749843354568E-003
   2.7091357323457102E-003
  -1.8509730092154612E-003
   7.2278025176618387E-004
   5.0286315946506744E-004
  -1.6404542665772951E-003
   2.5196068861066553E-003
  -3.0105367981496938E-003
   3.0431850881656708E-003
  -2.6171672444109473E-003
   1.8011427094674786E-003
  -7.2180399794029282E-004
  -4.5575678673428197E-004
   1.5532669450790987E-003
  -2.4062303081325547E-003
   2.8885510312289080E-003
  -2.9311427117434292E-003
   2.5317812932423482E-003
  -1.7548032011044446E-003
   7.2079062259561635E-004
   4.1210961995177326E-004
  -1.4723443661589005E-003
   2.3009036665092601E-003
  -2.7751406807306578E-003
   2.8268978323797520E-003
  -2.4522645997112329E-003
   1.7115758149939544E-003
  -7.1974025867977429E-004
  -3.7155680215066121E-004
   1.3970250310247887E-003
  -2.2027787436207460E-003
   2.6694046175034679E-003
  -2.7296332401701615E-003
   2.3780031776957046E-003
  -1.6711343800599762E-003
   7.1865304392592950E-004
   3.3378358426667648E-004
  -1.3267379229553358E-003
   2.1111228631299087E-003
  -2.5705639512538527E-003
   2.6386421222997529E-003
  -2.3084656464739924E-003
   1.6331964375716666E-003
  -7.1752912082422829E-004
  -2.9851700762550427E-004
   1.2609875507874483E-003
  -2.0252998702145609E-003
   2.4779419910318798E-003
  -2.5533100389866802E-003
   2.2431897992301279E-003
  -1.5975161627753269E-003
   7.1636863659912660E-004
   2.6551918980627695E-004
  -1.1993418640554329E-003
   1.9447547490392223E-003
  -2.3909480227487403E-003
   2.4731003189899076E-003
  -2.1817717097752506E-003
   1.5638786189082023E-003
  -7.1517174317943532E-004
  -2.3458186451353347E-004
   1.1414224164687044E-003
  -1.8690010910381951E-003
   2.3090640816106666E-003
  -2.3975421409948403E-003
   2.1238568349790116E-003
  -1.5320950599056423E-003
   7.1393859717167171E-004
   2.0552191044641792E-004
  -1.0868963044000327E-003
   1.7976108160762244E-003
  -2.2318340936512580E-003
   2.3262207417229092E-003
  -2.0691326989731918E-003
   1.5019990650870587E-003
  -7.1266935983064854E-004
  -1.7817766631083478E-004
   1.0354695176044788E-003
  -1.7302056877393128E-003
   2.1588549056881417E-003
  -2.2587693208228387E-003
   2.0173228405096421E-003
  -1.4734433388351924E-003
   7.1136419702978097E-004
   1.5240587528905336E-004
  -9.8688142172878015E-004
   1.6664502677051849E-003
  -2.0897688313296658E-003
   2.1948623091354834E-003
  -1.9681817761294340E-003
   1.4462970455124732E-003
  -7.1002327922898721E-004
  -1.2807913701310604E-004
   9.4090015405911751E-004
  -1.6060460322883622E-003
   2.0242574222894359E-003
  -2.1342097397591929E-003
   1.9214907856639641E-003
  -1.4204435780068800E-003
   7.0864678144606547E-004
   1.0508377133129239E-004
  -8.9731876088676020E-004
   1.5487264334687507E-003
  -1.9620362362784099E-003
   2.0765525167392297E-003
  -1.8770543675787836E-003
   1.3957786797676056E-003
  -7.0723488322164789E-004
  -8.3318018282091624E-005
   8.5595194078143483E-004
  -1.4942527321384620E-003
   1.9028504202830429E-003
  -2.0216584187122974E-003
   1.8346972431597264E-003
  -1.3722088566799661E-003
   7.0578776858820093E-004
   6.2690514103078045E-005
  -8.1663328569936942E-004
   1.4424104662706494E-003
  -1.8464709647293919E-003
   1.9693187076612281E-003
  -1.7942618128808146E-003
   1.3496500278940341E-003
  -7.0430562603394161E-004
  -4.3118995135167307E-005
   7.7921293335921787E-004
  -1.3930064439453228E-003
   1.7926915125793339E-003
  -1.9193452385279483E-003
   1.7556059872948452E-003
  -1.3280263746940767E-003
   7.0278864847010767E-004
   2.4529190819097734E-005
  -7.4355556108353230E-004
   1.3458661724156731E-003
  -1.7413256297485757E-003
   1.8715679854418238E-003
  -1.7186013296305227E-003
   1.3072693542896638E-003
  -7.0123703319425188E-004
  -6.8538743777556934E-006
   7.0953866454261777E-004
  -1.3008316512081485E-003
   1.6922044608784698E-003
  -1.8258329161604757E-003
   1.6831314590808662E-003
  -1.2873168516182967E-003
   6.9965098185423974E-004
  -9.9679544333292022E-006
  -6.7705107527854709E-004
   1.2577594704835731E-003
  -1.6451747084340353E-003
   1.7820001588353372E-003
  -1.6490906730491260E-003
   1.2681124471272762E-003
  -6.9803070041026644E-004
   2.5991775432495161E-005
   6.4599167924614073E-004
  -1.2165191665258334E-003
   1.6000968842825984E-003
  -1.7399424152598074E-003
   1.6163827541207582E-003
  -1.2496047824531900E-003
   6.9637639909943651E-004
  -4.1268160238022204E-005
  -6.1626830526905288E-004
   1.1769917946753985E-003
  -1.5568437918215662E-003
   1.6995435827723219E-003
  -1.5849199334833997E-003
   1.2317470090496333E-003
  -6.9468829239392889E-004
   5.5843304847565770E-005
   5.8779675769525183E-004
  -1.1390686868997225E-003
   1.5152992039578251E-003
  -1.6606975534977852E-003
   1.5546219873792293E-003
  -1.2144963073927560E-003
   6.9296659896371526E-004
  -6.9759494409838503E-005
  -5.6049997188728940E-004
   1.1026503667050473E-003
  -1.4753567080708645E-003
   1.6233071648546499E-003
  -1.5254154470803858E-003
   1.1978134664238577E-003
  -6.9121154163577568E-004
   8.3055510041032599E-005
   5.3430727473481707E-004
  -1.0676455986369153E-003
   1.4369186938608205E-003
  -1.5872832795569768E-003
   1.4972329060937795E-003
  -1.1816625146244897E-003
   6.8942334735309387E-004
  -9.5766985963273120E-005
  -5.0915373524998593E-004
   1.0339705532737345E-003
  -1.3998954638782214E-003
   1.5525439768404711E-003
  -1.4700124109071158E-003
   1.1660103954560649E-003
  -6.8760224713300703E-004
   1.0792672387509484E-004
   4.8497959270815905E-004
  -1.0015480716799360E-003
   1.3642044497236073E-003
  -1.5190138395383111E-003
   1.4436969237588023E-003
  -1.1508266810765385E-003
   6.8574847602582165E-004
  -1.1956497043758192E-004
  -4.6172975173649084E-004
   9.7030701575033258E-004
  -1.3297695195613464E-003
   1.4866233240048805E-003
  -1.4182338476866978E-003
   1.1360833191581651E-003
  -6.8386227306935861E-004
   1.3070966280710769E-004
   4.3935333538196284E-004
  -9.4018169298389239E-004
   1.2965203647697257E-003
  -1.4553082018744488E-003
   1.3935746055958253E-003
  -1.1217544084308171E-003
   6.8194388124837566E-004
  -1.4138664644198836E-004
  -4.1780328853983906E-004
   9.1111134591197445E-004
  -1.2643919553685834E-003
   1.4250090642676911E-003
  -1.3696742662984874E-003
   1.1078159992120552E-003
  -6.7999354744743932E-004
   1.5161986875377424E-004
   3.9703602524396260E-004
  -8.8303969786462976E-004
   1.2333240554019875E-003
  -1.3956708804563679E-003
   1.3464912115389019E-003
  -1.0942459157449803E-003
   6.7801152240758254E-004
  -1.6143155168374241E-004
  -3.7701111425582042E-004
   8.5591454795224189E-004
  -1.2032607906986761E-003
   1.3672426041191311E-003
  -1.3239868388363132E-003
   1.0810235976018178E-003
  -6.7599806067918306E-004
   1.7084234582108996E-004
   3.5769099819844363E-004
  -8.2968740915073528E-004
   1.1741502625385008E-003
  -1.3396768213185068E-003
   1.3021252957487609E-003
  -1.0681299578171259E-003
   6.7395342057721165E-004
  -1.7987146833804335E-004
  -3.3904074212255501E-004
   8.0431318423300729E-004
  -1.1459442016192659E-003
   1.3129294351207448E-003
  -1.2808732417288148E-003
   1.0555472557158159E-003
  -6.7187786413113392E-004
   1.8853682667351030E-004
   3.2102780797009880E-004
  -7.7974987500470285E-004
   1.1185976575169307E-003
  -1.2869593824890026E-003
   1.2601996343028434E-003
  -1.0432589827025680E-003
   6.6977165704091852E-004
  -1.9685512966923611E-004
  -3.0362185188476316E-004
   7.5595832092368990E-004
  -1.0920687194500530E-003
   1.2617283796592658E-003
  -1.2400755367071516E-003
   1.0312497594791323E-003
  -6.6763506862565082E-004
   2.0484198761051977E-004
   2.8679454170314240E-004
  -7.3290196369459894E-004
   1.0663182647401969E-003
  -1.2372006927113938E-003
   1.2204739445219122E-003
  -1.0195052433983522E-003
   6.6546837177636491E-004
  -2.1251200244068420E-004
  -2.7051939232433772E-004
   7.1054663486882672E-004
  -1.0413097318031186E-003
   1.2133429304698692E-003
  -1.2013696291422557E-003
   1.0080120447828783E-003
  -6.6327184290485811E-004
   2.1987884926226252E-004
   2.5477161695527554E-004
  -6.8886036388454968E-004
   1.0170089149310600E-003
  -1.1901238572453240E-003
   1.1827389962098954E-003
  -9.9675765123426055E-004
   6.6104576189583329E-004
  -2.2695535008547581E-004
  -2.3952799245978901E-004
   6.6781320426833289E-004
  -9.9338377846441362E-004
   1.1675142232251423E-003
  -1.1645599573619609E-003
   9.8573035903691043E-004
  -6.5879041205275761E-004
   2.3375354067605485E-004
   2.2476673729187119E-004
  -6.4737707604381781E-004
   9.7040428824353387E-004
  -1.1454866106099780E-003
   1.1468118138589229E-003
  -9.7491921090645092E-004
   6.5650608005005529E-004
  -2.4028473123566648E-004
  -2.1046740064789546E-004
   6.2752562259465029E-004
  -9.4804225849722359E-004
   1.1240152938091056E-003
  -1.1294751508263174E-003
   9.6431393939836905E-004
  -6.5419305587899779E-004
   2.4655956157870458E-004
   1.9661076166509550E-004
  -6.0823408047453549E-004
   9.2627121254593972E-004
  -1.1030761122267302E-003
   1.1125317409966709E-003
  -9.5390491538921277E-004
   6.5185163279484132E-004
  -2.5258805136690925E-004
  -1.8317873761063597E-004
   5.8947916080097568E-004
  -9.0506625587828270E-004
   1.0826463543229755E-003
  -1.0959644569702017E-003
   9.4368310110590377E-004
  -6.4948210726538413E-004
   2.5837964592284254E-004
   1.7015430014615730E-004
  -5.7123894106335209E-004
   8.8440396034866861E-004
  -1.0627046518153960E-003
   1.0797571911268353E-003
  -9.3364000724244168E-004
   6.4708477891747981E-004
  -2.6394325805847237E-004
  -1.5752139884693013E-004
   5.5349276628434245E-004
  -8.6426225836363916E-004
   1.0432308829866953E-003
  -1.0638947824230074E-003
   9.2376765374871470E-004
  -6.4465995048050453E-004
   2.6928730631953793E-004
   1.4526489125946807E-004
  -5.3622115860930985E-004
   8.4462034607584032E-004
  -1.0242060842059967E-003
   1.0483629493915970E-003
  -9.1405853394107303E-004
   6.4220792773495060E-004
  -2.7441975000782205E-004
  -1.3337047884481531E-004
   5.1940573449294142E-004
  -8.2545859469530249E-004
   1.0056123688574278E-003
  -1.0331482287359330E-003
   9.0450558159360563E-004
  -6.3972901945497725E-004
   2.7934812127581286E-004
   1.2182464824753728E-004
  -5.0302912875397818E-004
   8.0675846914173553E-004
  -9.8743285296204008E-004
   1.0182379189890248E-003
  -8.9510214074252305E-004
   6.3722353735416965E-004
  -2.8407955459362283E-004
  -1.1061461737704834E-004
   4.8707492483950255E-004
  -7.8850245333206498E-004
   9.6965158685752815E-004
  -1.0036200287446091E-003
   8.8584193792983455E-004
  -6.3469179602919108E-004
   2.8862081381933572E-004
   9.9728285845925304E-005
  -4.7152759071301693E-004
   7.7067398148555205E-004
  -9.5225349236699268E-004
   9.8928322904485132E-004
  -8.7671905667286072E-004
   6.3213411290218848E-004
  -2.9297831710990702E-004
  -8.9154189363692635E-005
   4.5637241984634966E-004
  -7.5325737488425733E-004
   9.3522430494761427E-004
  -9.7521680952877420E-004
   8.6772791394019034E-004
  -6.2955080816641767E-004
   2.9715815985998208E-004
   7.8881457721466055E-005
  -4.4159547685125784E-004
   7.3623778359263115E-004
  -9.1855052037030746E-004
   9.6141063801009376E-004
  -8.5886323846570223E-004
   6.2694220472657327E-004
  -3.0116613585492378E-004
  -6.8899776040179823E-005
   4.2718354732107397E-004
  -7.1960113268606011E-004
   9.0221934550969497E-004
  -9.4785512316316928E-004
   8.5012005072216692E-004
  -6.2430862814126628E-004
   3.0500775679464143E-004
   5.9199348997061326E-005
  -4.1312409151746029E-004
   7.0333407259208546E-004
  -8.8621865289541008E-004
   9.3454118005396154E-004
  -8.4149364441785113E-004
   6.2165040656660077E-004
  -3.0868827033350639E-004
  -4.9770867755574766E-005
   3.9940520155517931E-004
  -6.8742393316955730E-004
   8.7053693867495448E-004
  -9.2146019825375611E-004
   8.3297956937407477E-004
  -6.1896787069526090E-004
   3.1221267676484715E-004
   4.0605479378824026E-005
  -3.8601556178720467E-004
   6.7185868121925766E-004
  -8.5516328371092231E-004
   9.0860401232388717E-004
  -8.2457361567176411E-004
   6.1626135369919450E-004
  -3.1558574446908459E-004
  -3.1694758493182391E-005
   3.7294441210611665E-004
  -6.5662688111037043E-004
   8.4008731752639027E-004
  -8.9596487445588017E-004
   8.1627179895219773E-004
  -6.1353119116924878E-004
   3.1881202422808690E-004
   2.3030681035149957E-005
  -3.6018151392353963E-004
   6.4171765828027478E-004
  -8.2529918487366178E-004
   8.8353542909748884E-004
  -8.0807034677854537E-004
   6.1077772105707761E-004
  -3.2189586250253125E-004
  -1.4605599880767580E-005
   3.4771711859752871E-004
  -6.2712066534708971E-004
   8.1078951469234042E-004
  -8.7130868938681293E-004
   7.9996568596840841E-004
  -6.0800128361213155E-004
   3.2484141375869498E-004
   6.4122222166255342E-006
  -3.3554193810231996E-004
   6.1282605063097339E-004
  -7.9654939126849668E-004
   8.5927801525769636E-004
  -7.9195443081643308E-004
   6.0520222132483075E-004
  -3.2765265192316741E-004
   1.5564114895420660E-006
   3.2364711776763032E-004
  -5.9882442888385635E-004
   7.8257032741199076E-004
  -8.4743709306334429E-004
   7.8403337213559931E-004
  -6.0238087886380824E-004
   3.3033338103522191E-004
  -9.3069470580330385E-006
  -3.1202421090418338E-004
   5.8510685404832149E-004
  -7.6884423948956812E-004
   8.3577991661662986E-004
  -7.7619946705211290E-004
   5.9953760301466568E-004
  -3.3288724516249965E-004
   1.6845734817664685E-005
   3.0066515517705776E-004
  -5.7166479388206224E-004
   7.5536342416192065E-004
  -8.2430076951475393E-004
   7.6844982948907990E-004
  -5.9667274261924455E-004
   3.3531773763495227E-004
  -2.4178846579854689E-005
  -2.8956225058633016E-004
   5.5849010630359735E-004
  -7.4212053669874814E-004
   8.1299420865891018E-004
  -7.6078172129366432E-004
   5.9378664851596414E-004
  -3.3762820965906049E-004
   3.1312091476954180E-005
   2.7870813891969445E-004
  -5.4557501732267787E-004
   7.2910857073768716E-004
  -8.0185504887015735E-004
   7.5319254394671761E-004
  -5.9087967347433738E-004
   3.3982187834630739E-004
  -3.8251030735994164E-005
  -2.6809578457836467E-004
   5.3291210043332536E-004
  -7.1632083938520999E-004
   7.9087834852310335E-004
  -7.4567983082036028E-004
   5.8795217213555200E-004
  -3.4190183421844338E-004
   4.5000991487989268E-005
   2.5771845665693632E-004
  -5.2049425735656589E-004
   7.0375095755006425E-004
  -7.8005939610840817E-004
   7.3824123993263891E-004
  -5.8500450094905294E-004
   3.4387104821485619E-004
  -5.1567079666914188E-005
  -2.4756971219391940E-004
   5.0831470003407178E-004
  -6.9139282542233756E-004
   7.6939369767026189E-004
  -7.3087454717131548E-004
   5.8203701811089612E-004
  -3.4573237824390139E-004
   5.7954192083955961E-005
   2.3764338049452752E-004
  -4.9636693377446642E-004
   6.7924061300522461E-004
  -7.5887696503568755E-004
   7.2357763994052764E-004
  -5.7905008349974337E-004
   3.4748857531656974E-004
  -6.4167027722725724E-005
  -2.2793354845478472E-004
   4.8464474147210865E-004
  -6.6728874562994064E-004
   7.4850510479368480E-004
  -7.1634851121162501E-004
   5.7604405861533085E-004
  -3.4914228928714132E-004
   7.0210098329246770E-005
   2.1843454680962727E-004
  -4.7314216881367269E-004
   6.5553189037384995E-004
  -7.3827420795639475E-004
   7.0918525393710245E-004
  -5.7301930651411153E-004
   3.5069607423099603E-004
  -7.6087738329967333E-005
  -2.0914093723790883E-004
   4.6185351040722557E-004
  -6.4396494332468726E-004
   7.2818054026192378E-004
  -7.0208605581079640E-004
   5.6997619174758312E-004
  -3.5215239349056614E-004
   8.1804114140791618E-005
   2.0004750026538857E-004
  -4.5077329676466228E-004
   6.3258301762040680E-004
  -7.1822053306752468E-004
   6.9504919434172424E-004
  -5.6691508029558439E-004
   3.5351362440275299E-004
  -8.7363232903870611E-005
  -1.9114922390328772E-004
   4.3989628207632042E-004
  -6.2138143222186957E-004
   7.0839077479397175E-004
  -6.8807303222815654E-004
   5.6383633950747309E-004
  -3.5478206274235416E-004
   9.2768950690783303E-005
   1.8244129297864721E-004
  -4.2921743272052187E-004
   6.1035570135189088E-004
  -6.9868800288202192E-004
   6.8115601299904003E-004
  -5.6074033803302616E-004
   3.5595992689243958E-004
  -9.8024980214843723E-005
  -1.7391907910028744E-004
   4.1873191646492282E-004
  -5.9950152457178304E-004
   6.8910909622581034E-004
  -6.7429665692013494E-004
   5.5762744576442721E-004
  -3.5704936176437054E-004
   1.0313489808312212E-004
   1.6557813122419464E-004
  -4.0843509230060755E-004
   5.8881477743414116E-004
  -6.7965106804700507E-004
   6.6749355712640720E-004
  -5.5449803376617654E-004
   3.5805244248372336E-004
  -1.0810215161754127E-004
  -1.5741416677015875E-004
   3.9832250087646715E-004
  -5.7829150268763401E-004
   6.7031105918681120E-004
  -6.6074537598959408E-004
   5.5135247421690399E-004
  -3.5897117785873829E-004
   1.1293006528013653E-004
   1.4942306325655604E-004
  -3.8838985548198028E-004
   5.6792790198491175E-004
  -6.6108633177942280E-004
   6.5405084168024242E-004
  -5.4819114034071004E-004
   3.5980751364300581E-004
  -1.1762184672313043E-004
  -1.4160085041975103E-004
   3.7863303355665942E-004
  -5.5772032806857723E-004
   6.5197426328867769E-004
  -6.4740874493181288E-004
   5.4501440634458485E-004
  -3.6056333561339211E-004
   1.2218059249265116E-004
   1.3394370278124932E-004
  -3.6904806867425912E-004
   5.4766527739596950E-004
  -6.4297234087775550E-004
   6.4081793597847074E-004
  -5.4182264735560344E-004
   3.6124047246342817E-004
  -1.2660929340506667E-004
  -1.2644793263881556E-004
   3.5963114298602050E-004
  -5.3775938318398363E-004
   6.3407815609713993E-004
  -6.3427732166825056E-004
   5.3861623935505607E-004
  -3.6184069853829523E-004
   1.3091083962458433E-004
   1.1910998344620792E-004
  -3.5037858008070405E-004
   5.2799940883350516E-004
  -6.2528939986089831E-004
   6.2778586272662208E-004
  -5.3539555911375446E-004
   3.6236573640784694E-004
  -1.3508802545006030E-004
  -1.1192642356954920E-004
   3.4128683824402329E-004
  -5.1838224172334041E-004
   6.1660385770352232E-004
  -6.2134257117380009E-004
   5.3216098412955644E-004
  -3.6281725929989317E-004
   1.3914355384100593E-004
   1.0489394037783357E-004
  -3.3235250408578831E-004
   5.0890488733667681E-004
  -6.0801940528879439E-004
   6.1494650787598780E-004
  -5.2891289256047484E-004
   3.6319689339479134E-004
  -1.4308004069199940E-004
  -9.8009334666732725E-005
   3.2357228651522544E-004
  -4.9956446371039807E-004
   5.9953400416613780E-004
  -6.0859678022902059E-004
   5.2565166316428176E-004
  -3.6350621999283741E-004
   1.4690001887418915E-004
   9.1269515376499679E-005
  -3.1494301103972511E-004
   4.9035819617928710E-004
  -5.9114569774560614E-004
   6.0229253996043491E-004
  -5.2237767522995688E-004
   3.6374677756326526E-004
  -1.5060594205719318E-004
  -8.4671494600775080E-005
   3.0646161436929909E-004
  -4.8128341240103112E-004
   5.8285260749190305E-004
  -5.9603298105014382E-004
   5.1909130851685470E-004
  -3.6392006368010356E-004
   1.5420018832740310E-004
   7.8212382853775947E-005
  -2.9812513930847610E-004
   4.7233753764239092E-004
  -5.7465292931347712E-004
   5.8981733775133229E-004
  -5.1579294318815827E-004
   3.6402753685296795E-004
  -1.5768506361059573E-004
  -7.1889384599077956E-005
   2.8993072991343068E-004
  -4.6351809031312552E-004
   5.6654493013964357E-004
  -5.8364488271883924E-004
   5.1248295974866669E-004
  -3.6407061826000095E-004
   1.6106280491599435E-004
   6.5699793998153462E-005
  -2.8187562690396467E-004
   4.5482267772833023E-004
  -5.5852694467433339E-004
   5.7751492522761121E-004
  -5.0916173897936896E-004
   3.6405069338742396E-004
  -1.6433558340819886E-004
  -5.9640990895374716E-005
   2.7395716331348450E-004
  -4.4624899209358356E-004
   5.5059737231484399E-004
  -5.7142680947996395E-004
   5.0582966187547463E-004
  -3.6396911358104790E-004
   1.6750550731926559E-004
   5.3710436999588994E-005
  -2.6617276035964912E-004
   4.3779480668860646E-004
  -5.4275467422252883E-004
   5.6537991300094489E-004
  -5.0248710957960150E-004
   3.6382719751605473E-004
  -1.7057462471136429E-004
  -4.7905672267094555E-005
   2.5851992352685983E-004
  -4.2945797224891766E-004
   5.3499737054935840E-004
  -5.5937364510548807E-004
   4.9913446332201046E-004
  -3.6362623259144153E-004
   1.7354492609637583E-004
   4.2224311464982048E-005
  -2.5099623884588401E-004
   4.2123641352480236E-004
  -5.2732403778938091E-004
   5.5340744544477081E-004
  -4.9577210435331723E-004
   3.6336747624755221E-004
  -1.7641834691931371E-004
  -3.6664040911195160E-005
   2.4359936936146199E-004
  -4.1312812601548539E-004
   5.1973330627247242E-004
  -5.4748078262221458E-004
   4.9240041388439913E-004
  -3.6305215721949035E-004
   1.7919676992364687E-004
   3.1222615375369138E-005
  -2.3632705177152550E-004
   4.0513117285847854E-004
  -5.1222385777021317E-004
   5.4159315287237908E-004
  -4.8901977301994454E-004
   3.6268147672165375E-004
  -1.8188202738684327E-004
  -2.5897855136335894E-005
   2.2917709323853148E-004
  -3.9724368187825214E-004
   5.0479442322652515E-004
  -5.3574407880540643E-004
   4.8563056269930075E-004
  -3.6225660957671136E-004
   1.8447590325475677E-004
   2.0687643181886616E-005
  -2.2214736834825694E-004
   3.8946384277243647E-004
  -4.9744378059022871E-004
   5.2993310820691284E-004
  -4.8223316362983558E-004
   3.6177870527912979E-004
  -1.8698013516218890E-004
  -1.5589922550352978E-005
   2.1523581622819171E-004
  -3.8178990443722905E-004
   4.9017075275403570E-004
  -5.2415981289738792E-004
   4.7882795622719744E-004
  -3.6124888901358518E-004
   1.8939641635695826E-004
   1.0602693794530433E-005
  -2.0844043779160088E-004
   3.7422017241783129E-004
  -4.8297420559172274E-004
   5.1842378763942109E-004
  -4.7541532055087358E-004
   3.6066826261449007E-004
  -1.9172639753023985E-004
  -5.7240125782607052E-006
   2.0175929312532217E-004
  -3.6675300648264319E-004
   4.7585304608384723E-004
  -5.1272464909953518E-004
   4.7199563624398193E-004
  -3.6003790548172276E-004
   1.9397168855642133E-004
   9.5198737825865941E-007
  -1.9519049899376962E-004
   3.5938681830944858E-004
  -4.6880622053402620E-004
   5.0706203485059037E-004
  -4.6856928246923719E-004
   3.5935887544659970E-004
  -1.9613386014887837E-004
   3.7152226953549977E-006
   1.8873222646739924E-004
  -3.5212006928149903E-004
   4.6183271286607294E-004
  -5.0143560242616597E-004
   4.6513663784978872E-004
  -3.5863220960188024E-004
   1.9821444543651533E-004
  -8.2794099848070256E-006
  -1.8238269865453042E-004
   3.4495126838513635E-004
  -4.5493154299700820E-004
   4.9584502841022932E-004
  -4.6169808040460498E-004
   3.5785892507816318E-004
  -2.0021494146362669E-004
   1.2742320259827776E-005
   1.7614018854870272E-004
  -3.3787897020556509E-004
   4.4810176529051082E-004
  -4.9029000757093227E-004
   4.5825398749105365E-004
  -3.5704001979654590E-004
   2.0213681062112074E-004
  -1.7105654612270162E-005
  -1.7000301696680584E-004
   3.3090177301063107E-004
  -4.4134246706964165E-004
   4.8477025202929238E-004
  -4.5480473573996917E-004
   3.5617647317181438E-004
  -2.0398148200570905E-004
   2.1371071254084002E-005
   1.6396955058850312E-004
  -3.2401831692849124E-004
   4.3465276720787058E-004
  -4.7928549046735713E-004
   4.5135070099928411E-004
  -3.5526924678923631E-004
   2.0575035271936642E-004
  -2.5540187238536005E-005
  -1.5803820008068511E-004
   3.1722728219936685E-004
  -4.2803181477273246E-004
   4.7383546736461709E-004
  -4.4789225827063678E-004
   3.5431928504288623E-004
  -2.0744478910449346E-004
   2.9614580093574963E-005
   1.5220741831102765E-004
  -3.1052738751473466E-004
   4.2147878773636602E-004
  -4.6841994227399557E-004
   4.4442978165134113E-004
  -3.5332751574841963E-004
   2.0906612792552507E-004
  -3.3595789391292600E-005
  -1.4647569864024727E-004
   3.0391738842139543E-004
  -4.1499289173855402E-004
   4.6303868912129544E-004
  -4.4096364427349165E-004
   3.5229485071935869E-004
  -2.1061567748854952E-004
   3.7485318236238276E-005
   1.4084157329008695E-004
  -2.9739607580555179E-004
   4.0857335890492202E-004
  -4.5769149553922384E-004
   4.3749421824616129E-004
  -3.5122218632095388E-004
   2.1209471871956175E-004
  -4.1284634692717287E-005
  -1.3530361178740020E-004
   2.9096227443517686E-004
  -4.0221944671691150E-004
   4.5237816222525929E-004
  -4.3402187459503987E-004
   3.5011040399489667E-004
  -2.1350450618184622E-004
   4.4995173143518700E-005
   1.2986041947406652E-004
  -2.8461484157187933E-004
   3.9593043692773218E-004
  -4.4709850232973580E-004
   4.3054698320586191E-004
  -3.4896037076023680E-004
   2.1484626905789441E-004
  -4.8618335592994055E-005
  -1.2451063608376388E-004
   2.7835266564115921E-004
  -3.8970563452811095E-004
   4.4185234086390027E-004
  -4.2706991276394188E-004
   3.4777293968566564E-004
  -2.1612121207610711E-004
   5.2155492903814550E-005
   1.1925293438396193E-004
  -2.7217466495986124E-004
   3.8354436675513189E-004
  -4.3663951413671183E-004
   4.2359103069901930E-004
  -3.4654895034802018E-004
   2.1733051640426376E-004
  -5.5607985989212753E-005
  -1.1408601887043914E-004
   2.6607978651965280E-004
  -3.7744598213727907E-004
   4.3145986921115165E-004
  -4.2011070312585074E-004
   3.4528922925880344E-004
  -2.1847534049617589E-004
   5.8977126942202160E-005
   1.0900862452847243E-004
  -2.6006700482114327E-004
   3.7140984958984737E-004
  -4.2631326338381405E-004
   4.1662929478924728E-004
  -3.4399459027784106E-004
   2.1955682090537621E-004
  -6.2264200124135795E-005
  -1.0401951563694969E-004
   2.5413532075843517E-004
  -3.6543535753712371E-004
   4.2119956368458163E-004
  -4.1314716900493103E-004
   3.4266583500197292E-004
  -2.2057607305590022E-004
   6.5470463198132853E-005
   9.9117484632780758E-005
  -2.4828376055178455E-004
   3.5952191307986954E-004
  -4.1611864639596382E-004
   4.0966468760736283E-004
  -3.4130375314130344E-004
   2.2153419198801168E-004
  -6.8597148124804842E-005
  -9.4301351017400317E-005
   2.4251137472139220E-004
  -3.5366894118949420E-004
   4.1107039658963985E-004
  -4.0618221089106741E-004
   3.3990912287083298E-004
  -2.2243225305957319E-004
   7.1645462106289143E-005
   8.9569960315491877E-005
  -2.3681723711167294E-004
   3.4787588394289147E-004
  -4.0605470768562309E-004
   4.0270009755687933E-004
  -3.3848271116898777E-004
   2.2327131262673172E-004
  -7.4616588497130617E-005
  -8.4922183072854413E-005
   2.3120044394518298E-004
  -3.4214219978082532E-004
   4.0107148102185242E-004
  -3.9921870465636382E-004
   3.3702527414065952E-004
  -2.2405240868554846E-004
   7.7511687672119522E-005
   8.0356913900958126E-005
  -2.2566011292883152E-004
   3.3646736280163429E-004
  -3.9612062544662848E-004
   3.9573838754027485E-004
  -3.3553755732376310E-004
   2.2477656149314567E-004
  -8.0331897856527097E-005
  -7.5873070557106094E-005
   2.2019538238501156E-004
  -3.3085086207990333E-004
   3.9120205692108021E-004
  -3.9225949980080448E-004
   3.3402029598100731E-004
  -2.2544477415413551E-004
   8.3078335923210113E-005
   7.1469593069734507E-005
  -2.1480541042811027E-004
   3.2529220101806979E-004
  -3.8631569814083489E-004
   3.8878239322309439E-004
  -3.3247421537874774E-004
   2.2605803318941824E-004
  -8.5752098154038298E-005
  -6.7145442891808075E-005
   2.0948937416498151E-004
  -3.1979089671478400E-004
   3.8146147816971724E-004
  -3.8530741772833732E-004
   3.3090003105027278E-004
  -2.2661730906984903E-004
   8.8354260968352439E-005
   6.2899602098098195E-005
  -2.0424646894125692E-004
   3.1434647936771860E-004
  -3.7663933208802392E-004
   3.8183492132532149E-004
  -3.2929844905297775E-004
   2.2712355673923346E-004
  -9.0885881622470389E-005
  -5.8731072608499817E-005
   1.9907590760224225E-004
  -3.0895849169292543E-004
   3.7184920065207725E-004
  -3.7836525005572084E-004
   3.2767016620402197E-004
  -2.2757771610121304E-004
   9.3347998878311498E-005
   5.4638875449014464E-005
  -1.9397691979924865E-004
   3.0362648837212121E-004
  -3.6709102997008127E-004
   3.7489874794679150E-004
  -3.2601587031261633E-004
   2.2798071249604870E-004
  -9.5741633644949895E-005
  -5.0622050038329143E-005
   1.8894875131026406E-004
  -2.9835003551834051E-004
   3.6236477118509501E-004
  -3.7143575695630367E-004
   3.2433624039727201E-004
  -2.2833345714901385E-004
   9.8067789590641901E-005
   4.6679653509691774E-005
  -1.8399066340074306E-004
   2.9312871016301089E-004
  -3.5767038017480069E-004
   3.6797661692707085E-004
  -3.2263194689556064E-004
   2.2863684760541028E-004
  -1.0032745373335917E-004
  -4.2810760052634015E-005
   1.7910193219902888E-004
  -2.8796209976538942E-004
   3.5300781725684511E-004
  -3.6452166553445131E-004
   3.2090365185963245E-004
  -2.2889176814002441E-004
   1.0252159700125105E-004
   3.9014460290519061E-005
  -1.7428184810300477E-004
   2.8284980173756631E-004
  -3.4837704691048079E-004
   3.6107123824043739E-004
  -3.1915200914771938E-004
   2.2909909015643562E-004
  -1.0465117477719280E-004
  -3.5289860675299334E-005
   1.6952971520891447E-004
  -2.7779142298934803E-004
   3.4377803750184607E-004
  -3.5762566824231525E-004
   3.1737766460138161E-004
  -2.2925967256224550E-004
   1.0671712741116442E-004
   3.1636082914141725E-005
  -1.6484485076317896E-004
   2.7278657949309144E-004
  -3.3921076102595607E-004
   3.5418528642750246E-004
  -3.1558125622030116E-004
   2.2937436213266288E-004
  -1.0872038071969508E-004
  -2.8052263411859045E-005
   1.6022658463510267E-004
  -2.6783489585885075E-004
   3.3467519285268124E-004
  -3.5075042132527571E-004
   3.1376341432150256E-004
  -2.2944399385568036E-004
   1.1066184645941110E-004
   2.4537552742828917E-005
  -1.5567425881027384E-004
   2.6293600493482497E-004
  -3.3017131148485693E-004
   3.4732139906245749E-004
  -3.1192476169820239E-004
   2.2946939126625108E-004
  -1.1254242278446145E-004
  -2.1091115141010365E-005
   1.5118722690498208E-004
  -2.5808954741444898E-004
   3.2569909832282502E-004
  -3.4389854331482388E-004
   3.1006591376364829E-004
  -2.2945136675833381E-004
   1.1436299467958737E-004
   1.7712128010553464E-005
  -1.4676485370183366E-004
   2.5329517146382936E-004
  -3.2125853743983156E-004
   3.4048217526426401E-004
  -3.0818747869661758E-004
   2.2939072189428472E-004
  -1.1612443438430843E-004
  -1.4399781455434737E-005
   1.4240651469670429E-004
  -2.4855253236141610E-004
   3.1684961536269988E-004
  -3.3707261355368068E-004
   3.0629005757217492E-004
  -2.2928824769074106E-004
   1.1782760178870018E-004
   1.1153277831166825E-005
  -1.3811159567252051E-004
   2.4386129215225489E-004
  -3.1247232086280285E-004
   3.3367017424268934E-004
  -3.0437424448981776E-004
   2.2914472489921417E-004
  -1.1947334482157059E-004
  -7.9718313111154779E-006
   1.3387949228115036E-004
  -2.3922111931398959E-004
   3.0812664475249031E-004
  -3.3027517076445769E-004
   3.0244062669564401E-004
  -2.2896092427003624E-004
   1.2106249981760034E-004
   4.8546674728932683E-006
  -1.2970960965148860E-004
   2.3463168843746330E-004
  -3.0381257969002188E-004
   3.2688791388522671E-004
  -3.0048978469805158E-004
   2.2873760680908268E-004
  -1.2259589187094618E-004
  -1.8010228981460141E-006
   1.2560136200013595E-004
  -2.3009267991705562E-004
   2.9953011999015079E-004
  -3.2350871165919470E-004
   2.9852229237612831E-004
  -2.2847552401931618E-004
   1.2407433517555748E-004
  -1.1898552060124062E-006
  -1.2155417227170466E-004
   2.2560377965628132E-004
  -2.9527926144310985E-004
   3.2013786939061290E-004
  -2.9653871708593604E-004
   2.2817541813422760E-004
  -1.2549863334857450E-004
   4.1187093770422827E-006
   1.1756747178081844E-004
  -2.2116467877959119E-004
   2.9106000113715227E-004
  -3.1677568959056308E-004
   2.9453961975832893E-004
  -2.2783802234081595E-004
   1.2686957974138244E-004
  -6.9862722464051738E-006
  -1.1364069987675584E-004
   2.1677507336133475E-004
  -2.8687233729244064E-004
   3.1342247193988132E-004
  -2.9252555499606367E-004
   2.2746406099430688E-004
  -1.2818795773974901E-004
   9.7932668801253186E-006
   1.0977330361506505E-004
  -2.1243466415719434E-004
   2.8271626909306724E-004
  -3.1007851324727723E-004
   2.9049707116050270E-004
  -2.2705424981949148E-004
   1.2945454104859927E-004
  -1.2540407098428120E-005
  -1.0596473744844815E-004
   2.0814315635502747E-004
  -2.7859179653497645E-004
   3.0674410741347499E-004
  -2.8845471046000533E-004
   2.2660929610822072E-004
  -1.3067009396701458E-004
   1.5228397791759565E-005
   1.0221446292268554E-004
  -2.0390025932620056E-004
   2.7449892026716724E-004
  -3.0341954539168199E-004
   2.8639900902882755E-004
  -2.2612989890422031E-004
   1.3183537164930710E-004
  -1.7857935215300139E-005
  -9.8521948391441024E-005
   1.9970568639356479E-004
  -2.7043764145165096E-004
   3.0010511515276178E-004
  -2.8433049700677564E-004
   2.2561674918393488E-004
  -1.3295112036089133E-004
   2.0429707278168023E-005
   9.4886668736186475E-005
  -1.9555915460376850E-004
   2.6640796161759591E-004
  -2.9680110164574691E-004
   2.8224969860969108E-004
  -2.2507053002548564E-004
   1.3401807771471145E-004
  -2.2944393815306120E-005
  -9.1308105102667415E-005
   1.9146038451042595E-004
  -2.6240988252705557E-004
   2.9350778676596166E-004
  -2.8015713220288905E-004
   2.2449191677225008E-004
  -1.3503697290629044E-004
   2.5402666854377628E-005
   8.7785744642826987E-005
  -1.8740909996369773E-004
   2.5844340604190249E-004
  -2.9022544931781117E-004
   2.7805331036291473E-004
  -2.2388157718954396E-004
   1.3600852693274452E-004
  -2.7805190864118295E-005
  -8.4319080271461194E-005
   1.8340502791130658E-004
  -2.5450853399915574E-004
   2.8695436498183232E-004
  -2.7593873994501578E-004
   2.2324017161437753E-004
  -1.3693345280705509E-004
   3.0152623002191853E-005
   8.0907610428782611E-005
  -1.7944789820362943E-004
   2.5060526808669942E-004
  -2.8369480628034140E-004
   2.7381392213919012E-004
  -2.2256835309610390E-004
   1.3781245576008352E-004
  -3.2445613342615051E-005
  -7.7550838855691589E-005
   1.7553744340814009E-004
  -2.4673360972682351E-004
   2.8044704254678057E-004
  -2.7167935252887560E-004
   2.2186676753566809E-004
  -1.3864623343631723E-004
   3.4684805103130094E-005
   7.4248274375343488E-005
  -1.7167339863044328E-004
   2.4289355996197256E-004
  -2.7721133989129244E-004
   2.6953552114442617E-004
  -2.2113605381359532E-004
   1.3943547607831185E-004
  -3.6870834854694583E-005
  -7.0999430685615226E-005
   1.6785550134502405E-004
  -2.3908511934664847E-004
   2.7398796117291270E-004
  -2.6738291251326496E-004
   2.2037684391712882E-004
  -1.4018086670852990E-004
   3.9004332729824454E-005
   6.7803826157821978E-005
  -1.6408349122532065E-004
   2.3530828783994393E-004
  -2.7077716596550326E-004
   2.6522200570967017E-004
  -2.1958976305585327E-004
   1.4088308129647832E-004
  -4.1085922617665823E-005
  -6.4660983647353505E-005
   1.6035710999176569E-004
  -2.3156306470802128E-004
   2.6757921053227677E-004
  -2.6305327440015382E-004
   2.1877542977835509E-004
  -1.4154278892633659E-004
   4.3116222351946126E-005
   6.1570430306598156E-005
  -1.5667610125393283E-004
   2.2784944842139563E-004
  -2.6439434779270988E-004
   2.6087718688643305E-004
  -2.1793445607964985E-004
   1.4216065194851853E-004
  -4.5095843890433290E-005
  -5.8531697411125268E-005
   1.5304021036841993E-004
  -2.2416743656607712E-004
   2.6122282729940550E-004
  -2.5869420614891897E-004
   2.1706744750631292E-004
  -1.4273732613514353E-004
   4.7025393490350151E-005
   5.5544320187929612E-005
  -1.4944918429615699E-004
   2.2051702575039006E-004
  -2.5806489520521092E-004
   2.5650478988188072E-004
  -2.1617500325139512E-004
   1.4327346081737720E-004
  -4.8905471870147577E-005
  -5.2607837656436571E-005
   1.4590277147030284E-004
  -2.1689821151942975E-004
   2.5492079424377167E-004
  -2.5430939053609883E-004
   2.1525771625562266E-004
  -1.4376969902796569E-004
   5.0736674370259000E-005
   4.9721792470056462E-005
  -1.4240072166505201E-004
   2.1331098827056350E-004
  -2.5179076369628118E-004
   2.5210845534895675E-004
  -2.1431617329061047E-004
   1.4422667762790698E-004
  -5.2519591103562625E-005
  -4.6885730770278121E-005
   1.3894278587347675E-004
  -2.0975534917488462E-004
   2.4867503937215496E-004
  -2.4990242638233328E-004
   2.1335095505081516E-004
  -1.4464502743407936E-004
   5.4254807100876867E-005
   4.4099202042095489E-005
  -1.3552871618838106E-004
   2.0623128609944703E-004
  -2.4557385358235472E-004
   2.4769174055030947E-004
  -2.1236263623132558E-004
   1.4502537333734044E-004
  -5.5942902447138781E-005
  -4.1361758978459914E-005
   1.3215826568954272E-004
  -2.0273878953384520E-004
   2.4248743511795631E-004
  -2.4547682965263420E-004
   2.1135178560955582E-004
  -1.4536833441828012E-004
   5.7584452417170001E-005
   3.8672957349838068E-005
  -1.2883118833373282E-004
   1.9927784851889887E-004
  -2.3941600922471330E-004
   2.4325812040086012E-004
  -2.1031896611699945E-004
   1.4567452405473742E-004
  -5.9180027600800015E-005
  -3.6032355880728780E-005
   1.2554723885289660E-004
  -1.9584845057953135E-004
   2.3635979758513344E-004
  -2.4103603444783548E-004
   2.0926473491383191E-004
  -1.4594455002760903E-004
   6.0730194022931337E-005
   3.3439516127241724E-005
  -1.2230617265206691E-004
   1.9245058166007025E-004
  -2.3331901829349287E-004
   2.3881098841052199E-004
  -2.0818964345307799E-004
   1.4617901461853102E-004
  -6.2235513260126081E-005
  -3.0894002367933540E-005
   1.1910774571639807E-004
  -1.8908422606099865E-004
   2.3029388583935785E-004
  -2.3658339389740475E-004
   2.0709423754919039E-004
  -1.4637851470613265E-004
   6.3696542550978043E-005
   2.8395381489596066E-005
  -1.1595171451941594E-004
   1.8574936638049582E-004
  -2.2728461108594987E-004
   2.3435365752886179E-004
  -2.0597905743643578E-004
   1.4654364185558470E-004
  -6.5113834899539814E-005
  -2.5943222889205663E-005
   1.1283783593623053E-004
  -1.8244598345798353E-004
   2.2429140125227755E-004
  -2.3212218096201355E-004
   2.0484463783039885E-004
  -1.4667498240526677E-004
   6.6487939178282469E-005
   2.3537098369984313E-005
  -1.0976586716069422E-004
   1.7917405631881421E-004
  -2.2131445989558178E-004
   2.2988936090845795E-004
  -2.0369150798069119E-004
   1.4677311754780951E-004
  -6.7819400219924078E-005
  -2.1176582050851098E-005
   1.0673556562856796E-004
  -1.7593356212418682E-004
   2.1835398689494732E-004
  -2.2765558915786361E-004
   2.0252019172924514E-004
  -1.4683862341139227E-004
   6.9108758913054852E-005
   1.8861250272806268E-005
  -1.0374668893836361E-004
   1.7272447612022248E-004
  -2.1541017843312190E-004
   2.2542125259354169E-004
  -2.0133120755495867E-004
   1.4687207112920478E-004
  -7.0356552284448739E-005
  -1.6590681518880269E-005
   1.0079899478454161E-004
  -1.6954677159267280E-004
   2.1248322698413829E-004
  -2.2318673321328100E-004
   2.0012506862814391E-004
  -1.4687402691564120E-004
   7.1563313584604483E-005
   1.4364456325962480E-005
  -9.7892240885153300E-005
   1.6640041982146858E-004
  -2.0957332129564445E-004
   2.2095240814352208E-004
  -1.9890228285012628E-004
   1.4684505212913800E-004
  -7.2729572362763604E-005
  -1.2182157214141902E-005
   9.5026184921978766E-005
  -1.6328539003988943E-004
   2.0668064637866185E-004
  -2.1871864965982178E-004
   1.9766335290334088E-004
  -1.4678570334021080E-004
   7.3855854546862028E-005
   1.0043368608023379E-005
  -9.2200584474365721E-005
   1.6020164939226257E-004
  -2.0380538349129408E-004
   2.1648582519819757E-004
  -1.9640877628795668E-004
   1.4669653238802370E-004
  -7.4942682505200523E-005
  -7.9476767710467933E-006
   8.9415196965793783E-005
  -1.5714916289929899E-004
   2.0094771012887453E-004
  -2.1425429737410127E-004
   1.9513904536485948E-004
  -1.4657808644289076E-004
   7.5990575125019721E-005
   5.8946697372394015E-006
  -8.6669779605458552E-005
   1.5412789341955556E-004
  -1.9810780001180796E-004
   2.1202442399427952E-004
  -1.9385464739002473E-004
   1.4643090805599546E-004
  -7.7000047864371159E-005
  -3.8839372504436500E-006
   8.3964089339449085E-005
  -1.5113780161804961E-004
   1.9528582307566504E-004
  -2.0979655807166819E-004
   1.9255606455432020E-004
  -1.4625553521727539E-004
   7.7971612820853595E-005
   1.9150707031732727E-006
  -8.1297882798361815E-005
   1.4817884593239502E-004
  -1.9248194546048227E-004
   2.0757104783779463E-004
  -1.9124377401326720E-004
   1.4605250139778161E-004
  -7.8905778782433850E-005
   1.2336915033854262E-008
   7.8670916256441396E-005
  -1.4525098254707713E-004
   1.8969632950321692E-004
  -2.0534823675779100E-004
   1.8991824792330338E-004
  -1.4582233560377346E-004
   7.9803051286847078E-005
  -1.8986910756018779E-006
  -7.6082945581396665E-005
   1.4235416536112161E-004
  -1.8692913372772715E-004
   2.0312846353983177E-004
  -1.8857995346866413E-004
   1.4556556241279958E-004
  -8.0663932665732307E-005
   3.7443957548387072E-006
   7.3533726201822799E-005
  -1.3948834596565923E-004
   1.8418051283988296E-004
  -2.0091206215016037E-004
   1.8722935289464644E-004
  -1.4528270202296398E-004
   8.1488922098236149E-005
  -5.5498534828312015E-006
  -7.1023013061220116E-005
   1.3665347361800490E-004
  -1.8145061771927622E-004
   1.9869936182195710E-004
  -1.8586690353094838E-004
   1.4497427028780605E-004
  -8.2278515650975235E-005
   7.3154653875609234E-006
   6.8550560589017060E-005
  -1.3384949522174925E-004
   1.7873959541472758E-004
  -1.9649068706932270E-004
   1.8449305782325249E-004
  -1.4464077875393249E-004
   8.3033206324842264E-005
  -9.0416312335536462E-006
  -6.6116122664862360E-005
   1.3107635530461374E-004
  -1.7604758913725523E-004
   1.9428635769578448E-004
  -1.8310826335240891E-004
   1.4428273469758746E-004
  -8.3753484089709354E-005
   1.0728749461446021E-005
   6.3719452587407836E-005
  -1.2833399599966307E-004
   1.7337473826029248E-004
  -1.9208668880762981E-004
   1.8171296286372340E-004
  -1.4390064115702033E-004
   8.4439835925654227E-005
  -1.2377217221946216E-005
  -6.1360303048571814E-005
   1.2562235702976942E-004
  -1.7072117831062701E-004
   1.8989199082221063E-004
  -1.8030759428578128E-004
   1.4349499696162727E-004
  -8.5092745854867889E-005
   1.3987430409783684E-005
   5.9038426104586097E-005
  -1.2294137569120812E-004
   1.6808704097107281E-004
  -1.8770256948001868E-004
   1.7889259075465821E-004
  -1.4306629676565818E-004
   8.5712694974671163E-005
  -1.5559783692750490E-005
  -5.6753573154595762E-005
   1.2029098684069259E-004
  -1.6547245407527283E-004
   1.8551872585479431E-004
  -1.7746838063210609E-004
   1.4261503107069706E-004
  -8.6300161487836446E-005
   1.7094670540690318E-005
   5.4505494918320980E-005
  -1.1767112288233893E-004
   1.6287754160911990E-004
  -1.8334075636213448E-004
   1.7603538752712086E-004
  -1.4214168625475499E-004
   8.6855620730519713E-005
  -1.8592483251376708E-005
  -5.2293941415338523E-005
   1.1508171375738178E-004
  -1.6030242370772355E-004
   1.8116895277178402E-004
  -1.7459403031286919E-004
   1.4164674459389150E-004
  -8.7379545197084749E-005
   2.0053612972045134E-005
   5.0118661950093958E-005
  -1.1252268693623514E-004
   1.5774721666020911E-004
  -1.7900360221670262E-004
   1.7314472314603410E-004
  -1.4113068428746870E-004
   8.7872404564950200E-005
  -2.1478449722939844E-005
  -4.7979405093428280E-005
   1.0999396740877013E-004
  -1.5521203290651581E-004
   1.7684498720206156E-004
  -1.7168787548160508E-004
   1.4059397947649329E-004
  -8.8334665715289831E-005
   2.2867382415222362E-005
   4.5875918670376957E-005
  -1.0749547768087778E-004
   1.5269698104335117E-004
  -1.7469338561715051E-004
   1.7022389209187200E-004
  -1.4003710026511089E-004
   8.8766792754334017E-005
  -2.4220798868846053E-005
  -4.3807949749176273E-005
   1.0502713776581603E-004
  -1.5020216582423254E-004
   1.7254907074353720E-004
  -1.6875317307894162E-004
   1.3946051273741849E-004
  -8.9169247030145308E-005
   2.5539085826635194E-005
   4.1775244629320387E-005
  -1.0258886518558119E-004
   1.4772768816536343E-004
  -1.7041231126692941E-004
   1.6727611389099608E-004
  -1.3886467897663383E-004
   8.9542487150650552E-005
  -2.6822628970564757E-005
  -3.9777548832908227E-005
   1.0018057496435302E-004
  -1.4527364514878464E-004
   1.6828337128553460E-004
  -1.6579310533587348E-004
   1.3825005707714653E-004
  -8.9886968996190646E-005
   2.8071812928819166E-005
   3.7814607101991692E-005
  -9.7802179630925880E-005
   1.4284013002757902E-004
  -1.6616251032184251E-004
   1.6430453359514275E-004
  -1.3761710116325931E-004
   9.0203145736278775E-005
  -2.9287021291412270E-005
  -3.5886163386973637E-005
   9.5453589217542781E-005
  -1.4042723223311370E-004
   1.6404998333066279E-004
  -1.6281078023540772E-004
   1.3696626139899834E-004
  -9.0491467837323458E-005
   3.0468636612895216E-005
   3.3991960850042353E-005
  -9.3134711263458700E-005
   1.3803503738027290E-004
  -1.6194604071346976E-004
   1.6131222222376027E-004
  -1.3629798400350591E-004
   9.0752383076668871E-005
  -3.1617040423229643E-005
  -3.2131741857759266E-005
   9.0845450814987461E-005
  -1.3566362727513310E-004
   1.5985092832385454E-004
  -1.5980923193585755E-004
   1.3561271125944244E-004
  -9.0986336547898978E-005
   3.2732613229520011E-005
   3.0305247984959596E-005
  -8.8585710433850061E-005
   1.3331307992507416E-004
  -1.5776488748381977E-004
   1.5830217717138209E-004
  -1.3491088152661865E-004
   9.1193770673287522E-005
  -3.3815734523972814E-005
  -2.8512220011126776E-005
   8.6355390197399154E-005
  -1.3098346954324854E-004
   1.5568815498865317E-004
  -1.5679142116170684E-004
   1.3419292924814774E-004
  -9.1375125203400719E-005
   3.4866782779505306E-005
   2.6752397927986620E-005
  -8.4154387712066236E-005
   1.2867486656478996E-004
  -1.5362096312455722E-004
   1.5527732258341836E-004
  -1.3345928496258028E-004
   9.1530837230314834E-005
  -3.5886135457128067E-005
  -2.5025520938593510E-005
   8.1982598113428253E-005
  -1.2638733764967915E-004
   1.5156353967419822E-004
  -1.5376023556606347E-004
   1.3271037530767821E-004
  -9.1661341183244243E-005
   3.6874169001064526E-005
   2.3331327467053989E-005
  -7.9839914081541273E-005
   1.2412094570158697E-004
  -1.4951610793306213E-004
   1.5224050970602488E-004
  -1.3194662303264032E-004
   9.1767068837934326E-005
  -3.7831258838789599E-005
  -2.1669555159910646E-005
   7.7726225845875348E-005
  -1.2187574987198655E-004
   1.4747888671641491E-004
  -1.5071849007212268E-004
   1.3116844699876859E-004
  -9.1848449315111937E-005
   3.8757779376347709E-005
   2.0039940898520015E-005
  -7.5641421200355155E-005
   1.1965180557941907E-004
  -1.4545209037649515E-004
   1.4919451721932025E-004
  -1.3037626219057885E-004
   9.1905909082457487E-005
  -3.9654103996232453E-005
  -1.8442220803512373E-005
   7.3585385512507369E-005
  -1.1744916451824971E-004
   1.4343592881102272E-004
  -1.4766892719454876E-004
   1.2957047971678354E-004
  -9.1939871953271266E-005
   4.0520605049247370E-005
   1.6876130249627875E-005
  -7.1558001737087343E-005
   1.1526787467432607E-004
  -1.4143060747716125E-004
   1.4614205154932534E-004
  -1.2875150681685219E-004
   9.1950759087230152E-005
  -4.1357653850190818E-005
  -1.5341403872163158E-005
   6.9559150431279794E-005
  -1.1310798033915342E-004
   1.3943632740507663E-004
  -1.4461421734670820E-004
   1.2791974686480646E-004
  -9.1938988985848904E-005
   4.2165620668161581E-005
   1.3837775582541515E-005
  -6.7588709767994301E-005
   1.1096952212586721E-004
  -1.3745328520991078E-004
   1.4308574717152253E-004
  -1.2707559937187238E-004
   9.1904977492612074E-005
  -4.2944874719995601E-005
  -1.2364978579535007E-005
   6.5646555552314887E-005
  -1.0885253698432262E-004
   1.3548167310666989E-004
  -1.4155695913850314E-004
   1.2621945998996065E-004
  -9.1849137787195994E-005
   4.3695784158855173E-005
   1.0922745365404594E-005
  -6.3732561238489553E-005
   1.0675705821818924E-004
  -1.3352167892304690E-004
   1.4002816690239826E-004
  -1.2535172051481190E-004
   9.1771880381505733E-005
  -4.4418716063789373E-005
  -9.5108077589819967E-006
   6.1846597947971563E-005
  -1.0468311550181718E-004
   1.3157348611409273E-004
  -1.3849967966551616E-004
   1.2447276888670822E-004
  -9.1673613115444389E-005
   4.5114036429458424E-005
   8.1288969149442205E-006
  -5.9988534486604365E-005
   1.0263073489889389E-004
  -1.2963727377706056E-004
   1.3697180218753824E-004
  -1.2358298919373185E-004
   9.1554741150626126E-005
  -4.5782110152895665E-005
  -6.7767433373119434E-006
   5.8158237365067246E-005
  -1.0059993888052116E-004
   1.2771321666527820E-004
  -1.3544483479432787E-004
   1.2268276167174056E-004
  -9.1415666963504260E-005
   4.6423301019140040E-005
   5.4540769010533258E-006
  -5.6355570819821679E-005
   9.8590746344719943E-005
  -1.2580148520474949E-004
   1.3391907338663331E-004
  -1.2177246270710141E-004
   9.1256790340394240E-005
  -4.7037971690522739E-005
  -4.1606268679791580E-006
   5.4580396831326475E-005
  -9.6603172635940533E-005
   1.2390224550916558E-004
  -1.3239480944859965E-004
   1.2085246483606172E-004
  -9.1078508367114326E-005
   4.7626483687684646E-005
   2.8961219096755810E-006
  -5.2832575149957911E-005
   9.4637229566039947E-005
  -1.2201565939581455E-004
   1.3087233005846938E-004
  -1.1992313674587189E-004
   9.0881215423896697E-005
  -4.8189197378395958E-005
  -1.6602901251296071E-006
   5.1111963314193001E-005
  -9.2692925434606347E-005
   1.2014188440240956E-004
  -1.2935191789489086E-004
   1.1898484327561738E-004
  -9.0665303174254365E-005
   4.8726471957849423E-005
   4.5285906364675432E-007
  -4.9418416677820096E-005
   9.0770265052129374E-005
  -1.1828107380337205E-004
   1.2783385124970207E-004
  -1.1803794541658189E-004
   9.0431160558875361E-005
  -4.9238665434344812E-005
   7.2644425355661781E-007
   4.7751788430587870E-005
  -8.8869249761151830E-005
   1.1643337662732541E-004
  -1.2631840403394922E-004
   1.1708280031028790E-004
  -9.0179173782434859E-005
   4.9726134610041759E-005
  -1.8778933093945497E-006
  -4.6111929626828824E-005
   8.6989877460043132E-005
  -1.1459893767516614E-004
   1.2480584579015820E-004
  -1.1611976125183647E-004
   8.9909726308895496E-005
  -5.0189235065165429E-005
   3.0017620704241658E-006
   4.4498689206601464E-005
  -8.5132142624521199E-005
   1.1277789753677127E-004
  -1.2329644169937660E-004
   1.1514917768582630E-004
  -8.9623198846621737E-005
   5.0628321136783524E-005
  -4.0983249576555756E-006
  -4.2911914025916908E-005
   8.3296036334902098E-005
  -1.1097039261121772E-004
   1.2179045259362048E-004
  -1.1417139521013106E-004
   8.9319969341208677E-005
  -5.1043745902713258E-005
   5.1678568278880119E-006
   4.1351448879588933E-005
  -8.1481546298634559E-005
   1.0917655512353544E-004
  -1.2028813496343089E-004
   1.1318675557087011E-004
  -8.9000412961496835E-005
   5.1435861159073377E-005
  -6.2106329420935757E-006
  -3.9817136531764229E-005
   7.9688656876711431E-005
  -1.0739651314639811E-004
   1.1878974097125516E-004
  -1.1219559666739238E-004
   8.8664902093946190E-005
  -5.1805017402981728E-005
   7.2269289459547337E-006
   3.8308817743195098E-005
  -7.7917349107653247E-005
   1.0563039061592021E-004
  -1.1729551845748757E-004
   1.1119825254686259E-004
  -8.8313806325251420E-005
   5.2151563809763067E-005
  -8.2170208366427320E-006
  -3.6826331299205900E-005
   7.6167600736973002E-005
  -1.0387830735764411E-004
   1.1580571095586931E-004
  -1.1019505340805997E-004
   8.7947492434317705E-005
  -5.2475848214800428E-005
   9.1811849410482637E-006
   3.5369514038265763E-005
  -7.4439386239762961E-005
   1.0214037910037282E-004
  -1.1432055770027573E-004
   1.0918632559610895E-004
  -8.7566324380596529E-005
   5.2778217088412563E-005
  -1.0119697884692129E-005
  -3.3938200884591154E-005
   7.2732676853925116E-005
  -1.0041671750227784E-004
   1.1284029363979959E-004
  -1.0817239160926229E-004
   8.7170663291935991E-005
  -5.3059015518802831E-005
   1.1032836566986883E-005
   3.2532224874530272E-005
  -7.1047440601687675E-005
   9.8707430169897291E-005
  -1.1136514944606121E-004
   1.0715357009038202E-004
  -8.6760867450271582E-005
   5.3318587186327481E-005
  -1.1920878128484576E-005
  -3.1151417191599037E-005
   6.9383642323216964E-005
  -9.7012620679530625E-005
   1.0989535152897489E-004
  -1.0613017583370467E-004
   8.6337292284617133E-005
  -5.3557274345200273E-005
   1.2784099926697356E-005
   2.9795607194109122E-005
  -6.7741243703056569E-005
   9.5332388600339924E-005
  -1.0843112204499826E-004
   1.0510251978032121E-004
  -8.5900290353292666E-005
   5.3775417795593768E-005
  -1.3622779501579254E-005
  -2.8464622449313637E-005
   6.6120203300391899E-005
  -9.3666829518234058E-005
   1.0697267891306806E-004
  -1.0407090902076746E-004
   8.5450211335795235E-005
  -5.3973356867162862E-005
   1.4437194551443360E-005
   2.7158288764899457E-005
  -6.4520476578184128E-005
   9.2016035055139450E-005
  -1.0552023582328842E-004
   1.0303564679353191E-004
  -8.4987402018258287E-005
   5.4151429390902558E-005
  -1.5227622896506759E-005
  -2.5876430222143505E-005
   6.2942015935472161E-005
  -9.0380092897020926E-005
   1.0407400225435444E-004
  -1.0199703248702767E-004
   8.4512206281989638E-005
  -5.4309971679688484E-005
   1.5994342454589134E-005
   2.4618869209144419E-005
  -6.1384770736233171E-005
   8.8759086814060547E-005
  -1.0263418348164616E-004
   1.0095536163851247E-004
  -8.4024965091463540E-005
   5.4449318501801329E-005
  -1.6737631205972014E-005
  -2.3385426453373171E-005
   5.9848687341214808E-005
  -8.7153096687345979E-005
   1.0120098059563871E-004
  -9.9910925935675448E-005
   8.3526016481015432E-005
  -5.4569803060713155E-005
   1.7457767163209978E-005
   2.2175921057989878E-005
  -5.8333709141714899E-005
   8.5562198532383707E-005
  -9.9774590512631331E-005
   9.8864013217062394E-005
  -8.3015695542984323E-005
   5.4671756968864190E-005
  -1.8155028341439477E-005
  -2.0990170533884107E-005
   5.6839776589169255E-005
  -8.3986464525146801E-005
   9.8355205989895987E-005
  -9.7814907473879213E-005
   8.2494334416179942E-005
  -5.4755510224517326E-005
   1.8829692724266186E-005
   1.9827990835838417E-005
  -5.5366827229429283E-005
   8.2425963026696336E-005
  -9.6943015640723346E-005
   9.6763888851094989E-005
  -8.1962262272435892E-005
   5.4821391188322514E-005
  -1.9482038233907042E-005
  -1.8689196398584987E-005
   5.3914795734935645E-005
  -8.0880758609744777E-005
   9.5538203949092240E-005
  -9.5711233648355552E-005
   8.1419805305312670E-005
  -5.4869726560194007E-005
   2.0112342696979348E-005
   1.7573600170143807E-005
  -5.2483613939951217E-005
   7.9350912085708180E-005
  -9.4140951284058812E-005
   9.4657214321384450E-005
  -8.0867286718649375E-005
   5.4900841352645369E-005
  -2.0720883813904889E-005
  -1.6481013648810232E-005
   5.1073210872481739E-005
  -7.7836480530869224E-005
   9.2751433917222432E-005
  -9.3602099486903527E-005
   8.0305026713233335E-005
  -5.4915058870264863E-005
   2.1307939125875493E-005
   1.5411246919786052E-005
  -4.9683512789611106E-005
   7.6337517312016098E-005
  -9.1369824036653744E-005
   9.2546153920677058E-005
  -7.9733342475740167E-005
   5.4912700682436489E-005
  -2.1873785980079021E-005
  -1.4364108692127500E-005
   4.8314443212618338E-005
  -7.4854072118301957E-005
   8.9996289765486735E-005
  -9.1489638564878361E-005
   7.9152548168154481E-005
  -5.4894086601638072E-005
   2.2418701501317492E-005
   1.3339406332908080E-005
  -4.6965922960904286E-005
   7.3386190985277430E-005
  -8.8630995176965097E-005
   9.0432810526104611E-005
  -7.8562954914793761E-005
   5.4859534657149511E-005
  -2.2942962553695161E-005
  -1.2336945908058054E-005
   4.5637870189110605E-005
  -7.1933916325405450E-005
   8.7274100312557067E-005
  -8.9375923082971284E-005
   7.7964870791599839E-005
  -5.4809361074629434E-005
   2.3446845711394570E-005
   1.1356532216134846E-005
  -4.4330200420717177E-005
   7.0497286955876988E-005
  -8.5925761198664500E-005
   8.8319225686282914E-005
  -7.7358600816246838E-005
   5.4743880247792253E-005
  -2.3930627223358354E-005
  -1.0397968828811834E-005
   4.3042826586832441E-005
  -6.9076338129178534E-005
   8.4586129865964587E-005
  -8.7262963965948696E-005
   7.6744446935426245E-005
  -5.4663404718018391E-005
   2.4394582980160956E-005
   9.4610581259707959E-006
  -4.1775659059846566E-005
   6.7671101561370841E-005
  -8.3255354365884416E-005
   8.6207379731774843E-005
  -7.6122708014851365E-005
   5.4568245147353430E-005
  -2.4838988481586123E-005
  -8.5456013361468016E-006
   4.0528605693178693E-005
  -6.6281605463716433E-005
   8.1933578791260880E-005
  -8.5152710981368086E-005
   7.5493679831314727E-005
  -5.4458710299412799E-005
   2.5264118802603386E-005
   7.6513985728914120E-006
  -3.9301571855597661E-005
   6.4907874570889674E-005
  -8.0620943293646465E-005
   8.4099191902404065E-005
  -7.4857655057089401E-005
   5.4335107009840944E-005
  -2.5670248558681155E-005
  -6.7782488750651259E-006
   3.8094460471730534E-005
  -6.3549930174850255E-005
   7.9317584104956514E-005
  -8.3047052879673764E-005
   7.4214923257232525E-005
  -5.4197740168517680E-005
   2.6057651874471247E-005
   5.9259502423705314E-006
  -3.6907172055642809E-005
   6.2207790152427194E-005
  -7.8023633554120307E-005
   8.1996520499249339E-005
  -7.3565770873379918E-005
   5.4046912691968921E-005
  -2.6426602347680659E-005
  -5.0942996782678415E-006
   3.5739604753817199E-005
  -6.0881469000400367E-005
   7.6739220091438860E-005
  -8.0947817556070907E-005
   7.2910481218604466E-005
  -5.3882925503065614E-005
   2.6777373019171193E-005
   4.2830932239154683E-006
  -3.4591654378680401E-005
   5.9570977864036795E-005
  -7.5464468305726833E-005
   7.9901163058139737E-005
  -7.2249334466474054E-005
   5.3706077506013533E-005
  -2.7110236334716028E-005
  -3.4921260021358087E-006
   3.3463214451459786E-005
  -5.8276324572839921E-005
   7.4199498948310496E-005
  -7.8856772235547662E-005
   7.1582607644333484E-005
  -5.3516665565668673E-005
   2.7425464115472388E-005
   2.7211922520789568E-006
  -3.2354176236789447E-005
   5.6997513669802504E-005
  -7.2944428951377698E-005
   7.7814856545662764E-005
  -7.0910574621961691E-005
   5.3314984482215203E-005
  -2.7723327522606982E-005
  -1.9700853718827811E-006
   3.1264428786167838E-005
  -5.5734546447644680E-005
   7.1699371453428799E-005
  -7.6775623682616453E-005
   7.0233506106432117E-005
  -5.3101326971216872E-005
   2.8004097024534669E-005
   1.2385979561399545E-006
  -3.0193858972161422E-005
   5.4487420978650094E-005
  -7.0464435818180191E-005
   7.5739277582496513E-005
  -6.9551669632340665E-005
   5.2875983640007680E-005
  -2.8268042363279911E-005
  -5.2652183516853718E-007
   2.9142351533245631E-005
  -5.3256132151598021E-005
   6.9239727660433975E-005
  -7.4706018434518519E-005
   6.8865329556093690E-005
  -5.2639242967027142E-005
   2.8515432521802530E-005
  -1.6635188480138778E-007
  -2.8109789109316730E-005
   5.2040671703466513E-005
  -6.8025348866627617E-005
   7.3676042688111351E-005
  -6.8174747047486237E-005
   5.2391391278393353E-005
  -2.8746535690551568E-005
   8.4023278203343084E-007
   2.7096052284034720E-005
  -5.0841028254508857E-005
   6.6821397619153819E-005
  -7.2649543061484428E-005
   6.7480180083496263E-005
  -5.2132712728164703E-005
   2.8961619234871099E-005
  -1.4953310809530950E-006
  -2.6101019623230612E-005
   4.9657187343508534E-005
  -6.5627968420830425E-005
   7.1626708553264640E-005
  -6.6781883442653162E-005
   5.1863489276154363E-005
  -2.9160949661336357E-005
   2.1318576112259896E-006
   2.5124567717087342E-005
  -4.8489131462060384E-005
   6.4445152118839251E-005
  -7.0607724450788242E-005
   6.6080108698836354E-005
  -5.1584000667392058E-005
   2.9344792585826159E-005
  -2.7500237690493613E-006
  -2.4166571218474511E-005
   4.7336840088491057E-005
  -6.3273035928945842E-005
   6.9592772339888097E-005
  -6.5375104214213759E-005
   5.1294524411443951E-005
  -2.9513412700665661E-005
   3.3500414770576013E-006
   2.3226902885620141E-005
  -4.6200289726277649E-005
   6.2111703460817567E-005
  -6.8582030118850273E-005
   6.4667115137304363E-005
  -5.0995335763090632E-005
   2.9667073744218518E-005
  -3.9321231457816509E-006
  -2.2305433620758086E-005
   4.5079453936712926E-005
  -6.0961234743584557E-005
   6.7575672004555995E-005
  -6.3956383395286082E-005
   5.0686707700658630E-005
  -2.9806038463239594E-005
   4.4964816321484979E-006
   2.1402032513497241E-005
  -4.3974303378428210E-005
   5.9821706252056392E-005
  -6.6573868549467429E-005
   6.3243147690485930E-005
  -5.0368910907882817E-005
   2.9930568588709586E-005
  -5.0433302036155465E-006
  -2.0516566879069031E-005
   4.2884805840351470E-005
  -5.8693190931347015E-005
   6.5576786649700116E-005
  -6.2527643497795447E-005
   5.0042213753238030E-005
  -3.0040924796908951E-005
   5.5728824938646465E-006
   1.9648902301484735E-005
  -4.1810926280004319E-005
   5.7575758225925978E-005
  -6.4584589560344233E-005
   6.1810103060017259E-005
  -4.9706882272854087E-005
   3.0137366683234035E-005
  -6.0853524674596414E-006
  -1.8798902674087399E-005
   4.0752626860557459E-005
  -5.6469474103669054E-005
   6.3597436904767987E-005
  -6.1090755383827483E-005
   4.9363180150238024E-005
  -3.0220152726834531E-005
   6.5809543783526491E-006
   1.7966430241307483E-005
  -3.9709866987685158E-005
   5.5374401085963916E-005
  -6.2615484693044607E-005
   6.0369826239973010E-005
  -4.9011368699199151E-005
   3.0289540262458296E-005
  -7.0599027329959838E-006
  -1.7151345639036519E-005
   3.8682603346107572E-005
  -5.4290598272558234E-005
   6.1638885330182411E-005
  -5.9647538157315362E-005
   4.8651706844275161E-005
  -3.0345785447880942E-005
   7.5224122471347937E-006
   1.6353507937600323E-005
  -3.7670789939849654E-005
   5.3218121373280375E-005
  -6.0667787635869605E-005
   5.8924110425903651E-005
  -4.8284451105752789E-005
   3.0389143234719444E-005
  -7.9686978113323031E-006
  -1.5572774681844914E-005
   3.6674378124855891E-005
  -5.2157022731535298E-005
   5.9702336853289361E-005
  -5.8199759089482979E-005
   4.7909855580295595E-005
  -3.0419867335958176E-005
   8.3989744486797092E-006
   1.4809001933969027E-005
  -3.5693316654531323E-005
   5.1107351358691244E-005
  -5.8742674669988761E-005
   5.7474696950881161E-005
  -4.7528171926189780E-005
   3.0438210199075257E-005
  -8.8134572787281059E-006
  -1.4062044313893267E-005
   3.4727551709635586E-005
  -5.0069152957222203E-005
   5.7788939228308635E-005
  -5.6749133566417849E-005
   4.7139649344953801E-005
  -3.0444422973391736E-005
   9.2123614758364639E-006
   1.3331755043794514E-005
  -3.3777026944920672E-005
   4.9042469955419519E-005
  -5.6841265145595516E-005
   5.6023275250318423E-005
  -4.6744534567615784E-005
   3.0438755482671406E-005
  -9.5959022345815645E-006
  -1.2617985984807802E-005
   3.2841683520758669E-005
  -4.8027341533859455E-005
   5.5899783526508290E-005
  -5.5297325070167645E-005
   4.6343071836827929E-005
  -3.0421456194361782E-005
   9.9642947263377986E-006
   1.1920587684941511E-005
  -3.1921460147251711E-005
   4.7023803656734809E-005
  -5.4964621984000340E-005
   5.4571482854376508E-005
  -4.5935502893954337E-005
   3.0392772193043537E-005
  -1.0317754066899760E-005
  -1.1239409415549867E-005
   3.1016293120220380E-005
  -4.6031889101914088E-005
   5.4035904651937895E-005
  -5.3845945186481929E-005
   4.5522066963499655E-005
  -3.0352949148755963E-005
   1.0656495272926613E-005
   1.0574299216068800E-005
  -3.0126116361019621E-005
   4.5051627492290122E-005
  -5.3113752207785078E-005
   5.3120905412680376E-005
  -4.5103000739156618E-005
   3.0302231292717847E-005
  -1.0980733229379001E-005
  -9.9251039344357622E-006
   2.9250861457046200E-005
  -4.4083045326067313E-005
   5.2198281885963834E-005
  -5.2396553639930909E-005
   4.4678538368839724E-005
  -3.0240861385137997E-005
   1.1290682646944454E-005
   9.2916692702647741E-006
  -2.8390457700461195E-005
   4.3126166008361124E-005
  -5.1289607499741711E-005
   5.1673076743289578E-005
  -4.4248911443730792E-005
   3.0169080692841933E-005
  -1.1586558028900283E-005
  -8.6738398140072782E-006
   2.7544832126914621E-005
  -4.2181009882866662E-005
   5.0387839457903022E-005
  -5.0950658363557049E-005
   4.3814348982899583E-005
  -3.0087128958109353E-005
   1.1868573631556393E-005
   8.0714590922646715E-006
  -2.6713909557925542E-005
   4.1247594264989072E-005
  -4.9493084785708052E-005
   5.0229478916613733E-005
  -4.3375077423075455E-005
   2.9995244373190554E-005
  -1.2136943427239466E-005
  -7.4843696049091037E-006
   2.5897612637639651E-005
  -4.0325933471834265E-005
   4.8605447143026903E-005
  -4.9509715593247713E-005
   4.2931320604507453E-005
  -2.9893663554723094E-005
   1.2391881068981130E-005
   6.9124128711660836E-006
  -2.5095861875986320E-005
   3.9416038856799502E-005
  -4.7725026846742807E-005
   4.8791542366522198E-005
  -4.2483299761518335E-005
   2.9782621517575294E-005
  -1.2633599853221808E-005
  -6.3554294665591799E-006
   2.4308575685916863E-005
  -3.8517918841514706E-005
   4.6851920888456984E-005
  -4.8075129995625466E-005
   4.2031233509642196E-005
  -2.9662351647994731E-005
   1.2862312683531348E-005
   5.8132590689247669E-006
  -2.3535670426897599E-005
   3.7631578949742510E-005
  -4.5986222957674570E-005
   4.7360646032206247E-005
  -4.1575337836630328E-005
   2.9533085680811170E-005
  -1.3078232035238380E-005
  -5.2857404957715539E-006
   2.2777060441693536E-005
  -3.6757021838496784E-005
   4.5128023461651532E-005
  -4.6648254824867226E-005
   4.1115826091242851E-005
  -2.9395053671671493E-005
   1.3281569918653215E-005
   4.7727117475181991E-006
  -2.2032658100853487E-005
   3.5894247335292356E-005
  -4.4277409548886473E-005
   4.5938117529129346E-005
  -4.0652908975122706E-005
   2.9248483976607897E-005
  -1.3472537845610189E-005
  -4.2740100475539974E-006
   2.1302373838931515E-005
  -3.5043252468676339E-005
   4.3434465129541712E-005
  -4.5230392110116870E-005
   4.0186794530355778E-005
  -2.9093603223852438E-005
   1.3651346791903301E-005
   3.7894718850017342E-006
  -2.0586116199385044E-005
   3.4204031505161496E-005
  -4.2599270898957478E-005
   4.4525233354235462E-005
  -3.9717688134849273E-005
   2.8930636293385395E-005
  -1.3818207164914125E-005
  -3.3189330529823199E-006
   1.9883791871260193E-005
  -3.3376575980632357E-005
   4.1771904360034332E-005
  -4.3822792873167689E-005
   3.9245792492226290E-005
  -2.8759806292241839E-005
   1.3973328767189430E-005
   2.8622286913109470E-006
  -1.9195305733987194E-005
   3.2560874738948803E-005
  -4.0952439847450085E-005
   4.3123219116000125E-005
  -3.8771307624526999E-005
   2.8581334533884657E-005
  -1.4116920763859275E-005
  -2.4191933251507912E-006
   1.8520560893780988E-005
  -3.1756913961998889E-005
   4.0140948549251662E-005
  -4.2426657374969452E-005
   3.8294430862872002E-005
  -2.8395440512269713E-005
   1.4249191647476289E-005
   1.9896609084687369E-006
  -1.7859458728792510E-005
   3.0964677209391094E-005
  -3.9337498534106805E-005
   4.1733249798662565E-005
  -3.7815356845412834E-005
   2.8202341885480045E-005
  -1.4370349205490230E-005
  -1.5734648600291022E-006
   1.7211898926677349E-005
  -3.0184145450013227E-005
   3.8542154772496771E-005
  -4.1043135396097010E-005
   3.7334277505947582E-005
  -2.8002254448534481E-005
   1.4480600486086376E-005
   1.1704381078231906E-006
  -1.6577779527210482E-005
   2.9415297101239717E-005
  -3.7754979164819584E-005
   4.0356450054254604E-005
  -3.6851382073448912E-005
   2.7795392117601929E-005
  -1.4580151766824635E-005
  -7.8041312558006621E-007
   1.5956996961620817E-005
  -2.8658108059322364E-005
   3.6976030562030825E-005
  -3.9673326542604871E-005
   3.6366857061362870E-005
  -2.7581966905779454E-005
   1.4669208519613831E-005
   4.0322197418518120E-007
  -1.5349446095950891E-005
   2.7912551742901184E-005
  -3.6205364796414338E-005
   3.8993894528088427E-005
  -3.5880886268451100E-005
   2.7362188906524273E-005
  -1.4747975382843866E-005
  -3.8696340104346419E-008
   1.4755020269195014E-005
  -2.7178599120299490E-005
   3.5443034702635025E-005
  -3.8318280584670950E-005
   3.5393650768791846E-005
  -2.7136266270357108E-005
   1.4816656123753826E-005
  -3.1333242344198435E-007
  -1.4173611336720285E-005
   2.6456218754367165E-005
  -3.4689090148603825E-005
   3.7646608207872871E-005
  -3.4905328914253471E-005
   2.6904405190877025E-005
  -1.4875453613170981E-005
   6.5303326077150205E-007
   1.3605109708184290E-005
  -2.5745376831292717E-005
   3.3943578056463844E-005
  -3.6978997824579911E-005
   3.4416096325931461E-005
  -2.6666809881257122E-005
   1.4924569790253035E-005
  -9.8057537077580700E-007
  -1.3049404391293643E-005
   2.5046037202505816E-005
  -3.3206542435410229E-005
   3.6315566808560808E-005
  -3.3926125895463705E-005
   2.6423682559121366E-005
  -1.4964205633179864E-005
   1.2961281723202294E-006
   1.2506383029984947E-005
  -2.4358161419344372E-005
   3.2478024404119760E-005
  -3.5656429492141117E-005
   3.3435587780000982E-005
  -2.6175223428624434E-005
   1.4994561129288828E-005
  -1.5998612625705402E-006
  -1.1975931946966147E-005
   2.3681708770146587E-005
  -3.1758062220405060E-005
   3.5001697182145327E-005
  -3.2944649402679602E-005
   2.5921630663243750E-005
  -1.5015835245371345E-005
   1.8919443808185242E-006
   1.1457936184061218E-005
  -2.3016636316659806E-005
   3.1046691308960157E-005
  -3.4351478171850210E-005
   3.2453475449621238E-005
  -2.5663100388227192E-005
   1.5028225896861988E-005
  -2.1725473703839224E-006
  -1.0952279541333775E-005
   2.2362898932635269E-005
  -3.0343944289890941E-005
   3.3705877758351385E-005
  -3.1962227871018831E-005
   2.5399826666342579E-005
  -1.5031929920438583E-005
   2.4418401403772774E-006
   1.0458844619438133E-005
  -2.1720449339756499E-005
   2.9649851005030124E-005
  -3.3064998255865699E-005
   3.1471065879289712E-005
  -2.5132001481031934E-005
   1.5027143044579417E-005
  -2.6999926287022915E-006
  -9.9775128593892082E-006
   2.1089238145914847E-005
  -2.8964438549422972E-005
   3.2428939012706596E-005
  -3.0980145951583127E-005
   2.4859814722976750E-005
  -1.5014059862233333E-005
   2.9471747660116802E-006
   9.5081645817505153E-006
  -2.0469213881783561E-005
   2.8287731297946738E-005
  -3.1797796427081945E-005
   3.0489621827880978E-005
  -2.4583454171747287E-005
   1.4992873800579629E-005
  -3.1835564359935031E-006
  -9.0506790285660528E-006
   1.9860323040404901E-005
  -2.7619750937226909E-005
   3.1171663962898724E-005
  -2.9999644515257657E-005
   2.4303105486650066E-005
  -1.4963777097966541E-005
   3.4093074428966930E-006
   8.6049344028402444E-006
  -1.9262510111344065E-005
   2.6960516491886318E-005
  -3.0550632168082209E-005
   2.9510362287219400E-005
  -2.4018952190239606E-005
   1.4926960772094149E-005
  -3.6245974722109537E-006
  -8.1708079080246665E-006
   1.8675717622004294E-005
  -2.6310044357759060E-005
   2.9934788691759127E-005
  -2.9021920688110324E-005
   2.3731175655181983E-005
  -1.4882614598555140E-005
   3.8295960566587636E-006
   7.7481757888401674E-006
  -1.8099886173993728E-005
   2.5668348329227592E-005
  -2.9324218300208052E-005
   2.8534462534108631E-005
  -2.3439955094047677E-005
   1.4830927079970350E-005
  -4.0244725387644509E-006
  -7.3369133694745939E-006
   1.7534954480135901E-005
  -2.5035439631494790E-005
   2.8719002898521674E-005
  -2.8048127918415464E-005
   2.3145467544236094E-005
  -1.4772085424922185E-005
   4.2093960382454347E-006
   6.9368950947586915E-006
  -1.6980859404558731E-005
   2.4411326950289735E-005
  -2.8119221545737681E-005
   2.7563054213964484E-005
  -2.2847887858638742E-005
   1.4706275518801427E-005
  -4.3845354145008820E-006
  -6.5479945690875154E-006
   1.6437535998355179E-005
  -2.3796016463095922E-005
   2.7524950476220546E-005
  -2.7079376078069490E-005
   2.2547388694809632E-005
  -1.4633681902951267E-005
   4.5500592341985869E-006
   6.1700845949442971E-006
  -1.5904917539051812E-005
   2.3189511868999946E-005
  -2.6936263117968519E-005
   2.6597225457028606E-005
  -2.2244140501603945E-005
   1.4554487746590515E-005
  -4.7061357347839230E-006
  -5.8030372139864998E-006
   1.5382935569449273E-005
  -2.2591814423117969E-005
   2.6353230112795267E-005
  -2.6116731592461208E-005
   2.1938311514358246E-005
  -1.4468874827237992E-005
   4.8529327929034039E-006
   5.4467237426124834E-006
  -1.4871519933353882E-005
   2.2002922963326494E-005
  -2.5775919336848910E-005
   2.5638021025227502E-005
  -2.1630067739403355E-005
   1.4377023503938116E-005
  -4.9906178891673696E-006
  -5.1010148149056228E-006
   1.4370598816119076E-005
  -2.1422833947285332E-005
   2.5204395920901171E-005
  -2.5161217603809509E-005
   2.1319572951000727E-005
  -1.4279112696941196E-005
   5.1193580764837571E-006
   4.7657804169379283E-006
  -1.3880098780018000E-005
   2.0851541479864291E-005
  -2.4638722270095549E-005
   2.4686442489060933E-005
  -2.1006988677147646E-005
   1.4175319863642598E-005
  -5.2393199451030651E-006
  -4.4408899297525417E-006
   1.3399944806682257E-005
  -2.0289037349345505E-005
   2.4078958087917232E-005
  -2.4213814164390003E-005
   2.0692474198450171E-005
  -1.4065820977926744E-005
   5.3506695930465517E-006
   4.1262121621703564E-006
  -1.2930060330333755E-005
   1.9735311055230615E-005
  -2.3525160394778638E-005
   2.3743448439836567E-005
  -2.0376186533341063E-005
   1.3950790508543099E-005
  -5.4535725904231612E-006
  -3.8216153939785037E-006
   1.2470367279530324E-005
  -1.9190349845021958E-005
   2.2977383553600336E-005
  -2.3275458463219669E-005
   2.0058280437815240E-005
  -1.3830401398663675E-005
   5.5481939519486026E-006
   3.5269674098323828E-006
  -1.2020786112969875E-005
   1.8654138744288595E-005
  -2.2435679288021267E-005
   2.2809954727143163E-005
  -1.9738908394479083E-005
   1.3704825043688345E-005
  -5.6346981018070227E-006
  -3.2421355396931632E-006
   1.1581235859920202E-005
  -1.8126660591197113E-005
   2.1900096708833423E-005
  -2.2347045079314177E-005
   1.9418220609691054E-005
  -1.3574231274413399E-005
   5.7132488461911789E-006
   2.9669866925643176E-006
  -1.1151634155042300E-005
   1.7607896067552304E-005
  -2.1370682334475851E-005
   2.1886834730762302E-005
  -1.9096365006308017E-005
   1.3438788334783248E-005
  -5.7840093387325503E-006
  -2.7013873975977427E-006
   1.0731897279629997E-005
  -1.7097823734150486E-005
   2.0847480116758764E-005
  -2.1429426267813430E-005
   1.8773487220675705E-005
  -1.3298662865956701E-005
   5.8471420551802970E-006
   2.4452038379083286E-006
  -1.0321940197317572E-005
   1.6596420062281263E-005
  -2.0330531461121067E-005
   2.0974919659906991E-005
  -1.8449730596225759E-005
   1.3154019884176955E-005
  -5.9028087590694708E-006
  -2.1983018882540496E-006
   9.9216765935489150E-006
  -1.6103659468784975E-005
   1.9819875255833313E-005
  -2.0523412274115525E-005
   1.8125236182558137E-005
  -1.3005022766800257E-005
   5.9511704764309347E-006
   1.9605471509111290E-006
  -9.5310189106448657E-006
   1.5619514348065225E-005
  -1.9315547889851032E-005
   2.0074998883250726E-005
  -1.7800142729117976E-005
   1.2851833232342831E-005
  -5.9923874634183067E-006
  -1.7318049925685878E-006
   9.1498783899137704E-006
  -1.5143955107828434E-005
   1.8817583283823455E-005
  -1.9629771679318134E-005
   1.7474586684682127E-005
  -1.2694611325101901E-005
   6.0266191813242815E-006
   1.5119405788331748E-006
  -8.7781651043182884E-006
   1.4676950200260839E-005
  -1.8326012910158982E-005
   1.9187820285429989E-005
  -1.7148702194596187E-005
   1.2533515396665821E-005
  -6.0540242653117482E-006
  -1.3008189109320849E-006
   8.4157880005032058E-006
  -1.4218466158794156E-005
   1.7840865821693040E-005
  -1.8749231769983874E-005
   1.6822621099703402E-005
  -1.2368702094109490E-005
   6.0747604993252977E-006
   1.0983048584383122E-006
  -8.0626549320950052E-006
   1.3768467628955738E-005
  -1.7362168674136918E-005
   1.8314090656485829E-005
  -1.6496472932052602E-005
   1.2200326339183373E-005
  -6.0889847870600627E-006
  -9.0426319869911757E-007
   7.7186727012036533E-006
  -1.3326917406731743E-005
   1.6889945755169272E-005
  -1.7882478940813169E-005
   1.6170384919790794E-005
  -1.2028541319089411E-005
   6.0968531273521225E-006
   7.1855864625660896E-007
  -7.3837470912084294E-006
   1.2893776468293653E-005
  -1.6424219007413300E-005
   1.7454476102353074E-005
  -1.5844481981444267E-005
   1.1853498467627400E-005
  -6.0985205850161179E-006
  -5.4105589077228395E-007
   7.0577829086729624E-006
  -1.2469004007833880E-005
   1.5965008057553851E-005
  -1.7030159121109048E-005
   1.5518886729899271E-005
  -1.1675347454771087E-005
   6.0941412682761031E-006
   3.7161962853337222E-007
  -6.7406840152220800E-006
   1.2052557469285287E-005
  -1.5512330239779441E-005
   1.6609602489302178E-005
  -1.5193719471172931E-005
   1.1494236171237154E-005
  -6.0838683006324491E-006
  -2.1011459901805400E-007
   6.4323533684476940E-006
  -1.1644392582390599E-005
   1.5066200626406172E-005
  -1.6192878230284811E-005
   1.4869098207461180E-005
  -1.1310310716048487E-005
   6.0678537977307429E-006
   5.6405613955566384E-008
  -6.1326930564492959E-006
   1.1244463397252812E-005
  -1.4626632051482699E-005
   1.5780055909836319E-005
  -1.4545138636610596E-005
   1.1123715384968183E-005
  -6.0462488418403713E-006
   8.9642404771787238E-008
   5.8416043351716227E-006
  -1.0852722317694852E-005
   1.4193635140729188E-005
  -1.5371202657761072E-005
   1.4221954157544646E-005
  -1.0934592659050055E-005
   6.0192034589516292E-006
